,pred,lower_50,upper_50,lower_80,upper_80,lower_90,upper_90,lower_95,upper_95,date
0,1490.4519554040999,1371.2704250169163,1658.2797537552947,1272.6775040260436,1822.0211494999373,1228.4221398211794,1930.160032307399,1174.277097089503,2031.6491624989944,2023-04-23
1,1771.628978381188,1599.4116202259422,1980.5035227156611,1453.4859521791996,2285.6924547001317,1387.744805885938,2529.516003237807,1332.9725451561064,2767.883656100372,2023-04-30
2,2063.620452554722,1879.495916498529,2356.542106741922,1736.5978891021266,2653.5479383171796,1649.5571277189715,2857.923176131233,1571.0533854232474,3159.490938166891,2023-05-07
3,2224.82036431328,1999.2356766022135,2452.8213111846726,1837.1118032691945,2729.5396187338106,1742.0900204204302,2980.628399454803,1686.0979774550442,3353.589813796632,2023-05-14
4,2288.4073978051165,2038.0036193567655,2583.747164964576,1866.2965826910906,2882.5620253999605,1786.775763439559,3085.124009373705,1708.9168796058336,3417.437767029127,2023-05-21
5,2312.66387551956,2083.230313192499,2708.212919939975,1853.981848000173,3129.90804174509,1760.421780323289,3472.0508852408916,1557.9054822530986,3772.3974115229644,2023-05-28
6,2314.7011899357713,2038.3081421616444,2712.638676706749,1780.7387211025416,3231.662132884536,1685.6231889179273,3502.174147837964,1615.8832410388534,4142.29704104602,2023-06-04
7,2327.0297039231964,1993.0665646824382,2731.095448921432,1744.0422111954315,3220.9011772196654,1618.7337233299736,3613.5213598744654,1549.2072038278868,4166.187242040578,2023-06-11
8,2238.206245037283,1907.7145409773293,2641.3187951982727,1666.2592434927985,3146.8176795421036,1547.850540262215,3517.25708329227,1458.5562738603367,4111.78557939624,2023-06-18
9,2212.129310759572,1862.8087283942018,2634.546646759769,1617.1267955564654,3128.4803823220445,1489.2105049164932,3592.119236372902,1361.3498033758833,4275.065360945476,2023-06-25
10,2317.6763916642312,1916.2756004991588,2889.0303785727247,1685.9299447053313,3578.48667239096,1554.9755096696786,4185.187268139,1438.4150425437108,4846.861887714488,2023-07-02
11,2422.3103018480033,2019.0454959389685,3059.148660614379,1741.906836383976,4060.7220923637237,1612.3706112474918,4669.102798828415,1426.4537518370244,6081.1209256407465,2023-07-09
12,2405.83900714044,1954.6130873665957,3036.67456844387,1678.9916016385553,4082.470858342253,1493.6416401942238,4916.339864459637,1385.703833989331,5940.676976521319,2023-07-16
13,2178.8346141253205,1769.6022758026074,2759.726774616058,1440.4559452635635,3442.725734392752,1320.6534319568327,4203.6434565426425,1228.7005804348169,4864.586184024733,2023-07-23
14,1943.5537159184832,1583.996579817566,2562.9730311048174,1331.5967336573758,3272.239074562503,1226.7783731772136,4187.629139169548,1098.073549298315,4980.583217766727,2023-07-30
15,1908.8423645125295,1567.9134715390073,2457.585840218064,1295.1797660322252,3246.7260928090263,1214.94884105318,3885.552615921741,1117.1865782784496,4789.21085810036,2023-08-06
16,1761.1920936611475,1408.9027781289235,2279.159662549495,1200.6410321340038,3153.424579138386,1103.7716124806968,3809.981941567939,1013.238736801588,4913.379126493033,2023-08-13
17,1610.3712543305523,1291.7778849019614,2074.427356206706,1071.5380408037174,2730.832665793674,1003.3734213505752,3326.483325929221,956.3662332153636,4318.34125351714,2023-08-20
18,1366.5266740689653,1096.4045736316712,1825.1530962925424,910.0801071968592,2470.3116033209753,802.2786722390464,2981.591579082094,707.795726589525,3610.0284473195347,2023-08-27
19,1303.7305513338015,1011.6231858838954,1726.8486732972651,838.2661253150574,2270.9321240001677,755.3353836688909,3287.9345691498042,680.1909459428841,3950.4265570290568,2023-09-03
20,1331.4833428551642,1003.9961843849563,1758.1184951341804,783.6794596513715,2492.193997743887,706.689123434128,2895.6265317078596,635.1679659693783,3691.851214317872,2023-09-10
21,1033.409787642632,819.0284691928277,1322.7926086244693,678.9352858740413,1845.5260676910702,620.3973699967588,2301.18946624903,564.3093875011613,2751.052346768206,2023-09-17
22,934.2433256955762,743.2469577073939,1239.797397421822,595.7493151973084,1755.7841448793617,528.6503674658518,2209.6249708476976,484.6270020983098,3059.5529225333858,2023-09-24
23,871.6035054894907,683.026413921807,1183.7599822188017,550.5726692987641,1762.1132303051268,485.60195697260696,2178.8967913352067,441.9558987644332,3058.374990528428,2023-10-01
24,903.1023312489576,683.3528055548343,1160.8293893833838,553.0290394973191,1586.4263962474279,502.61072313519975,2029.8543240586978,453.8337838282802,2327.58636469988,2023-10-08
25,786.2763520477231,610.8612197120101,1084.4825195453445,511.73211140132156,1457.5656431146406,456.69796215413703,1937.7627528285188,416.96731019085144,2685.8055443263047,2023-10-15
26,595.2425325396864,459.0168490550755,804.2453706600097,369.071872553297,1126.831706549548,340.37912559357864,1469.876510801905,307.79574512659775,1835.8168926872684,2023-10-22
27,586.3793483019558,451.4692995817645,770.2823275534706,353.70245214022106,1093.786070765443,313.662495576543,1604.412858605058,290.877483732739,2174.404380937985,2023-10-29
28,643.2937449099581,492.76801847583636,855.8464990764804,410.35882115894935,1322.8807349941703,356.02646659678686,1813.8697020880927,312.6823659601597,2278.897352523642,2023-11-05
29,607.7519958515297,466.14230217965644,860.5893193569673,381.083181983797,1239.7176288260753,343.53439680521467,1615.7069251208798,310.1151320692003,2117.4927083937855,2023-11-12
30,567.5391329451872,446.37291112703997,806.8156206681117,349.8215848371323,1129.3523603268256,320.8742374010347,1674.880947816277,296.4480338998392,2135.12170167593,2023-11-19
31,582.3121919725488,428.4959837413914,805.0499642362454,333.28335873533183,1139.81598267244,290.615878486859,1563.0263005719755,278.41454615440915,2137.581011969462,2023-11-26
32,525.6405440039729,397.0151300436828,740.1264902719876,320.46271476683313,1047.2392638579372,283.7095974787795,1394.1975117234122,255.01924054356667,1953.5129076715318,2023-12-03
33,429.8510809397811,334.1610649043698,592.9386400603979,269.10030978740195,806.7667787240156,248.07218239486664,997.0003000884607,214.79747092740612,1275.5049135842064,2023-12-10
34,308.9449203624436,233.19221823324912,451.32503397393214,185.43558313793346,704.3319102527032,165.9794695453665,1014.3355090441045,150.1236920715208,1801.177300923092,2023-12-17
35,224.06962395911842,167.5426723565441,345.05041348434463,128.46600215675457,570.9042128006932,113.72994602919005,815.2715495230611,105.44863846840569,1244.7652980450828,2023-12-24
