,pred,lower_50,upper_50,lower_80,upper_80,lower_90,upper_90,lower_95,upper_95,date
0,121.67724113882286,110.88937175867613,133.63346800708678,104.4334946516552,147.9687816882506,99.46886836383491,154.15813037420156,94.72056549390545,163.536175079795,2023-04-23
1,118.44164495356381,106.81999241141602,130.472275831562,99.73244018347468,141.81993774452712,94.92013678187504,151.20331699419765,92.1664982505259,165.28553980130812,2023-04-30
2,111.58193880622275,101.12847755569965,121.44202466064598,93.43061552853324,134.494636310637,90.39315200935816,140.88114019599743,85.91501596939634,149.80509990920544,2023-05-07
3,102.68773051956668,92.45658542518504,114.6918680947274,83.41234027822502,128.18250081101434,79.48151748829987,134.3038111932459,76.19623301544343,146.05124576562082,2023-05-14
4,88.47676649288042,75.80138854018878,100.54073709924705,68.31474956185556,115.3830524764373,64.66975192683749,126.56105741024948,61.429581999930086,134.65735996693616,2023-05-21
5,66.18941458727932,56.933734118472785,75.4141620215596,49.04061154596275,87.4870683580288,45.530540350580125,99.63525657315034,43.572873978270216,114.0233065454493,2023-05-28
6,51.527110728260595,43.40671962601482,62.76387778334902,36.8906221819052,76.17226196816775,34.763173104810996,91.14575230918399,33.242082415433835,118.02374064168106,2023-06-04
7,34.69303520665562,28.787184416753007,42.94153732126142,24.27560719669564,54.016565841287964,22.322950460985158,66.67748060713343,20.070672893954907,82.67745044782774,2023-06-11
8,38.57540310051809,30.75716195696714,49.687293242481246,26.00443395829643,65.94926696914773,22.45203016814012,83.05507672527885,20.97842940763021,103.34489888039825,2023-06-18
9,52.96016772859002,39.47818595978606,75.1663707281732,31.65908775087155,103.24864833155007,28.41672507199346,134.18305836373455,23.868585688380712,163.08769478011504,2023-06-25
10,34.13489673344884,25.313408671365323,47.359276264231994,20.660036442705316,72.76434980849281,18.228831841346437,92.92156791687299,16.119378718385452,107.74406556568479,2023-07-02
11,23.86597572336268,18.654099454644893,32.69693441987329,15.399698069673104,42.0230004183508,13.937167986355963,54.786069659490984,12.83262173566818,80.55675081610946,2023-07-09
12,23.217139764750755,17.017597504786067,30.986014050828544,13.584244663420032,42.137745406093224,11.837830327200754,51.70621955415627,10.515546354555045,62.986149236144904,2023-07-16
13,19.616766365350486,14.03496782928903,28.24199167499978,10.644224533774889,42.896176518578294,9.385852777119078,55.96432501166047,7.962714856664237,70.60245714003509,2023-07-23
14,15.745849087974875,11.581427944250038,22.112563814005398,9.451234992916033,30.472890967031894,7.8632548141531515,40.18762951798534,7.0890332780401195,48.108379276992885,2023-07-30
15,15.812606659800167,11.84058095286764,22.553601825663918,9.29665538944928,37.40941420225467,7.677613049901618,50.034717788158815,6.939415160254658,72.93300739050594,2023-08-06
16,12.010199630450643,8.345336026796986,17.465883396593085,6.2961417770706705,27.091273219311464,5.5854620530026295,33.88796087019801,4.9337695971977835,50.131804191472575,2023-08-13
17,13.730343571638855,9.617641357100325,20.954305067845198,6.881621102225688,31.380029727189484,5.765620259820162,48.193562648070255,4.992414877530893,65.6228912323886,2023-08-20
18,18.359993681379933,12.769626455428408,28.646236752538655,9.065218594582559,49.66768262725627,7.671041135779615,71.709089393356,6.50870944441981,101.34435417723445,2023-08-27
19,18.517599151970842,12.049421241310597,32.32573817966656,8.759706313813785,59.71893385918667,7.344960188901519,102.99409454436493,6.273040444189457,144.5884234841741,2023-09-03
20,14.925293513800554,9.33860806179257,26.170712010277526,6.355423829235253,50.61201784328633,5.338035181202349,81.78777485061285,4.584971862385416,115.56910381322825,2023-09-10
21,15.620481856476168,10.432261014282119,25.491497746045,7.232952891687832,47.139859596668224,6.002763056410183,71.7715567014518,4.947877338498008,124.26197491415557,2023-09-17
22,13.362091781288655,8.710067588534812,20.439460110220352,6.173957009509104,34.49033368415791,5.203532198791288,49.150484724472925,4.117739115196334,64.80247385909001,2023-09-24
23,9.453550833380405,6.031893763231338,14.539754552300717,4.497598270454529,22.65995534744795,3.8970961952663403,31.882979013013006,3.54135590198851,38.35716908951103,2023-10-01
24,15.034620395045806,9.463312457544305,28.785643107384892,6.636429563373918,49.18963297083043,5.5060524569532765,76.33376280135666,4.65266378967606,117.11906275354012,2023-10-08
25,26.652483422621007,16.128997453683027,47.36522200038738,11.425110860447695,83.25154734218623,9.368174844925978,125.86234933544179,7.854758880683935,206.7842408217249,2023-10-15
26,19.709012000792967,12.781082683729323,32.121770600564915,9.2518263758182,56.89963269205006,7.64457854037755,86.04296315239321,6.611708826572294,150.94737333936615,2023-10-22
27,23.95786481291168,15.000339080251372,41.3230680523459,10.474999107249515,83.88656058817202,8.508493856056663,123.83062850029943,7.231513391965608,152.34300831128164,2023-10-29
28,27.123587200514976,17.13859483418196,47.63751120347456,12.681739206882641,94.90792511387363,11.222897964746972,166.28583291657966,9.56817258981863,221.822384905675,2023-11-05
29,30.50061749717861,20.606515106198913,47.24110270123424,14.83805300360051,72.17125827073873,12.738337866845132,101.79743245708687,10.747161983289022,164.3805372031948,2023-11-12
30,26.921915235047663,18.818495363923034,39.442462437744325,15.415506448545058,63.63366417868456,12.38113828102155,89.50274433047373,11.615238740131895,112.82285665766435,2023-11-19
31,28.47401705348284,19.279494377925516,41.74560653209164,14.513262332141132,67.44981093192318,12.698453984712797,90.15886553227078,10.884889089707462,122.79234238509484,2023-11-26
32,29.831406362354755,22.447415173787363,42.782091612371914,16.78518935023567,62.10602305926514,15.024142848014526,84.78236264089642,12.934508369066954,120.31459599035293,2023-12-03
33,24.186176655606687,17.879316724808632,34.50262120860407,14.26982598968334,45.888431538030105,12.658422166244828,61.12443679654416,11.614127533462078,69.4383125724184,2023-12-10
34,24.319957755145992,17.99927876231459,35.77923490143189,14.261738145949312,56.95399904016754,12.539811136062236,78.94299274112662,11.052381794778261,114.81469289885874,2023-12-17
35,23.289705407243673,17.1269366905467,33.037497977697285,13.148291864385465,58.355058422326515,11.166431541581824,82.97787401061571,9.653178952208055,98.49254637074642,2023-12-24
