,pred,lower_50,upper_50,lower_80,upper_80,lower_90,upper_90,lower_95,upper_95,date
0,7901.821378818713,6809.542842256371,9573.952614809386,5915.668905775808,11454.730739707313,5465.818037487659,12999.23994645234,5077.660099879,14670.493532330403,2023-04-23
1,9727.51548610162,8109.0890971918125,11702.44748424599,7009.797831073031,13921.885683115479,6402.321405596146,16177.180494909586,5952.097198934085,17116.882832248066,2023-04-30
2,9945.247647508979,8218.05994917173,11655.324270086363,7137.445916470699,14289.353433414179,6566.41844040656,16225.231575886275,6277.535403093486,19118.81986799023,2023-05-07
3,10495.959358920343,8747.968075504992,13496.225188719458,7489.459093503422,16424.233200201208,6625.46810481716,19138.061209027,6092.39078239284,22680.684404203195,2023-05-14
4,8287.120092322584,6724.077431383543,10085.34216038743,5711.697561690619,12751.19314691322,5125.895335721061,15494.044829046818,4913.978594820621,17964.265344958465,2023-05-21
5,6899.7907686159015,5124.813146960922,9048.880142781942,4133.714223746862,11517.990041081188,3662.5288724651386,13937.406052292099,3380.038185466078,17243.372062297265,2023-05-28
6,5722.236402514856,4575.325256271288,7537.532738239854,3719.6802227122475,9925.50278614315,3411.594710232108,11588.283901948527,3134.0031838200243,13306.808846299353,2023-06-04
7,5597.40259581618,4484.653930944041,7111.519314128673,3847.591488885623,9268.441673296318,3409.9271065452836,11297.848489892061,3158.0951846133567,14394.964152869577,2023-06-11
8,3766.916610556189,3113.504655536497,4568.315008555539,2700.0862593754196,5663.329985784601,2455.026076341909,6630.874383407166,2370.7507206249747,7847.017381303004,2023-06-18
9,2637.583621865837,2130.42655066069,3311.0080021450412,1807.1792407140717,4247.704276369326,1637.4203199750511,5004.78773849773,1529.247173395322,6205.8992615278685,2023-06-25
10,1836.1972778633935,1490.474051874131,2362.2576968858484,1251.3874668162316,3010.8816873158794,1140.4272159980203,3452.251680721063,1076.5000243716029,3657.3956911928044,2023-07-02
11,1614.5304107993143,1304.5957340025052,1989.5768395538616,1097.6781172476126,2433.209882930445,1002.2363326861756,2896.2687296444715,944.1853797399351,3327.2186739266845,2023-07-09
12,1207.9392795837484,973.7172272934404,1560.7648888151743,850.951271129545,1998.7950490384478,755.3036319212406,2349.618616298487,706.696191196362,2835.6201395490616,2023-07-16
13,672.1577378908987,537.8807497381786,905.1170234630263,447.31767980127336,1247.2680336173742,397.61886090946064,1531.7012330998123,355.9915330408141,1937.8197217826323,2023-07-23
14,745.5503999745415,597.3640056578442,926.4003913617853,497.81115494389377,1252.278745434992,441.2867448300298,1569.6330719541581,393.95824393086076,1958.6702309454627,2023-07-30
15,773.1152827775368,607.6100582698382,1021.7669794048998,486.38253293205344,1418.724484412375,432.6090481981082,1847.5761406115394,396.86286916327373,2200.3533411110097,2023-08-06
16,809.3225618215656,627.1602941794263,1102.8963636432163,496.6242863073654,1534.4373935556043,440.6719726373165,2029.6894821971434,406.2950934710825,2224.591482402285,2023-08-13
17,1161.6880789045317,839.3248609240327,1717.1696998982916,624.2980671988611,2685.762966053447,529.6788577474981,3609.073493274833,477.1157521089168,4673.246175050298,2023-08-20
18,1044.9202944426215,793.4835056829033,1398.8562205637827,621.1789282253711,1858.2424810473574,573.9000383920619,2439.3602040570277,502.66963844667845,2856.761350709747,2023-08-27
19,1137.2775625660142,814.7741590992082,1545.3447820747824,654.2098952530214,2058.4196113517332,572.5236895385285,2618.7555667119536,544.954302297243,3400.019912818648,2023-09-03
20,1166.6386660260614,854.3799708474544,1624.0109286291554,694.8111214181757,2277.6595239182,631.752475948869,2723.8673988924443,575.6654118109014,3452.5520555292937,2023-09-10
21,1312.206447634002,1024.5226749220164,1790.0976975510712,854.3791999744049,2560.4484250948044,707.045244982795,3060.562686976988,636.1144152053632,3794.1895102239832,2023-09-17
22,1423.1719241351238,1092.3280522429413,1976.3577070160027,863.9850396638328,2766.859814867389,773.4287548942259,3309.980346945357,717.3903451462189,4005.8399605846694,2023-09-24
23,1847.0789316176088,1202.651093337452,2680.581405084158,938.6223213104066,4160.9934804940685,810.6925076890999,6048.389224957206,760.382396510338,7935.482371509638,2023-10-01
24,1512.7063572754269,1152.8215801521292,2124.6509881915117,877.2455980563594,3166.5971763385814,760.8872449015441,4105.423690945383,692.2131688733716,5240.02504037335,2023-10-08
25,1496.488766435199,1105.591236022099,2178.2384910447145,844.4925489933842,3085.569972701501,721.1873089447021,3816.8425049022535,631.5230845295184,5343.603159359036,2023-10-15
26,1977.3408583574783,1390.784950540161,2876.90061901258,1091.7891332037427,4724.756370640156,935.383152828677,6058.399863070569,838.5362681116472,7451.911254024078,2023-10-22
27,2035.8021661050152,1518.2875104275226,2844.4287460336054,1164.8675688586081,4273.617620287776,1013.1987882334012,5301.2147120773825,915.416462574253,6594.857678654868,2023-10-29
28,2144.706567306537,1604.4663782083226,2933.4272881262877,1340.5258680091006,4247.89275801981,1156.4164379202834,5393.672222974483,1035.822446232196,6786.066981798263,2023-11-05
29,2651.2382594425,2023.5295215713559,3789.11265261934,1656.5008058766136,5201.864663654438,1473.8950464354218,6538.143264421188,1291.4698660163704,9026.004756487386,2023-11-12
30,2998.6315730572387,2105.399088119564,4101.529997482838,1615.5242249716189,5784.488122220652,1494.9264731810429,7883.750175999641,1301.2616735194258,10209.722884484578,2023-11-19
31,2907.512600773829,2244.479873129574,4039.6855466166307,1833.3282646335429,5472.5595559939175,1579.94514920137,7119.9478504197405,1477.1247290099302,9649.128854313927,2023-11-26
32,3279.229538075626,2502.2012366648996,4495.754442919162,1978.5528299848083,6430.232462441281,1761.6244933657058,8509.897420695452,1604.132796860306,10046.874852256939,2023-12-03
33,4230.3978128617455,3351.866470320645,5713.228469979484,2576.0611942863325,7371.941286045989,2231.3036166231236,9283.729539306065,1985.8028196044208,13965.50482978981,2023-12-10
34,3589.94887932454,2813.420294415875,4978.888240332337,2147.068705318938,7429.157898180607,1872.3579321267375,9282.57600680677,1649.016805215308,12987.054796929046,2023-12-17
35,3218.228359734174,2433.918472971607,4731.831984929551,1845.7961197048078,7066.913166739083,1644.0967674499814,8848.351154437976,1471.5443324796274,10599.647521102399,2023-12-24
