,pred,lower_50,upper_50,lower_80,upper_80,lower_90,upper_90,lower_95,upper_95,date
0,206.38878446583112,179.9705199518794,246.53692247760773,163.1405736233108,323.60914337316063,155.17161389553075,455.5327387739947,149.78256548015852,582.3061015070965,2023-04-23
1,221.84357365654432,192.89154614205472,263.8773854092069,170.80201340478962,384.57995648803626,160.91879041361972,534.2626935565726,151.25642300667386,710.4492179295803,2023-04-30
2,261.3504931954667,224.76310159792774,340.75377439387375,198.2819406491435,512.6001560211648,186.84831301156956,610.0841255224068,179.2477763738687,894.2732628491063,2023-05-07
3,258.3715350301936,207.22463007614715,360.2192709833762,177.81405143151642,508.274492072563,162.5578796614456,693.8992354276819,152.69788181032055,936.0427588449143,2023-05-14
4,230.93252091162503,183.57685238603153,317.0214588567542,153.32063463676022,513.6841108442111,140.68107546084792,789.6291880809624,131.15116678106716,1057.058312660032,2023-05-21
5,177.35527397689293,139.3457113491604,241.67896985718107,119.57869063462131,367.47837470262317,108.55680823720614,500.06296900500587,100.2882043993217,599.4586830189362,2023-05-28
6,164.71645639053895,126.7421756972908,225.63882921196637,105.06394472481335,353.8418668782804,94.83453670156742,446.5438913337024,88.69186152375914,592.4374753574724,2023-06-04
7,147.0085673428548,113.30755187816976,214.49472123713167,92.23531178869307,349.87350207429125,83.55343220283831,556.7994379033333,79.6844014530172,868.454833541487,2023-06-11
8,118.48898374463897,97.82870945071045,159.40599132806528,83.98925624301191,216.38980466799697,76.8180236802029,314.10294484898895,71.01556967247889,457.3907777851792,2023-06-18
9,116.44915517614572,93.86102153461616,165.46254947261332,79.64259783068556,254.59754913380613,69.3992195808678,343.1628208405396,62.535717960291365,415.2026544916578,2023-06-25
10,82.77846858015982,62.803595304802,120.18903436095934,49.92827127107485,188.94010796867735,45.39511367644336,281.0217862366448,39.652315823379105,420.105668350338,2023-07-02
11,80.79892772669155,58.09844992358194,120.71708769590623,46.344121614343024,195.9548741256064,41.13789743932066,312.709271297947,36.40066819828517,590.2169944059427,2023-07-09
12,86.50592207705267,61.80151732490776,132.56795360962406,47.93866237061484,229.77203138572662,42.51834799166427,314.5965967741911,39.68793631992994,391.8160537482641,2023-07-16
13,78.91860999766868,57.341863771775024,120.96764815926144,43.226925732928066,223.70721174402868,37.92371185097109,305.57088965017385,35.12727968517229,479.02717207995215,2023-07-23
14,76.97490417690278,49.55074632953256,123.92093406327331,38.62355759881321,227.09448790305484,34.795647711401216,298.50056392757585,31.361542825906554,465.4487659655711,2023-07-30
15,66.8711490661808,50.874706414379034,102.97674893733983,39.44075034234265,182.3224388788684,33.52488909104841,302.19267645482597,30.975624831092503,474.44637810143155,2023-08-06
16,61.04359863293939,45.117075181035034,89.96472472854657,35.05947968512919,151.54520739228468,31.62477506055875,226.80260190380443,28.80916930816093,317.87433742561353,2023-08-13
17,53.09842083984404,38.247100402981914,81.83626192110933,30.51542151356698,144.4376588358193,26.945093699080918,207.76424255750192,24.02470020430519,366.2426651625151,2023-08-20
18,51.78011814822821,36.51896925980873,92.32476851345473,27.04419709329086,167.2710189165657,23.818281218622086,254.32226433114192,22.02625356839053,365.65543112982,2023-08-27
19,42.56835897508881,30.510342789581728,67.03885335326777,25.73420535632613,122.00243732064993,22.511353308117396,219.74597942841282,20.380006348000006,338.3842555675475,2023-09-03
20,40.98405193209328,28.1915005866922,64.50817742874733,21.511049923134124,124.12072147611767,17.58836386218827,201.63080836440662,15.21949112982511,314.7647727572068,2023-09-10
21,45.33770005968836,32.11398391369494,78.39240082330525,26.390263606764346,142.42014210971885,22.252636823752802,210.465233768431,19.077884446350982,310.5476417600354,2023-09-17
22,45.26560847404107,31.35121434393659,79.06921089960088,21.955463711694392,173.2938576656702,19.77448280368626,400.0530271292601,18.4184550208417,697.1895372670376,2023-09-24
23,48.87339954235358,32.141902353510886,82.49332859363494,23.759844870138114,166.25917217551424,20.654400756604627,273.10846198231275,17.572512992148404,446.0083182796899,2023-10-01
24,58.22432964574182,42.26563965299101,96.4758863727402,30.442400969864686,159.2552342403463,26.990916777321036,252.64359040362606,21.976212253846825,408.1262030243804,2023-10-08
25,70.54063259725808,47.57769158762676,117.99238040370801,36.25560253136173,252.38025667433106,31.0305012503537,423.07684522774514,26.129846365119374,673.7157580538109,2023-10-15
26,68.4806615488269,46.036749824197614,117.29555142309619,35.738103168556705,243.5177983962807,31.88698266357169,416.9731552075024,27.797676109695022,845.8005342324526,2023-10-22
27,66.54200345072604,40.47288685614785,131.3552945421743,30.434802723019768,256.9823526720571,25.881691305465758,567.0728524321281,22.092825387418998,1001.6839894990983,2023-10-29
28,70.00212245521834,46.4622256859484,116.91141347566099,33.908043538325,217.84488893279797,30.78442194861618,309.9013881271027,24.724739052318366,556.4010363496485,2023-11-05
29,74.1875316156802,51.69389291264815,114.01791605947801,38.81317194486983,200.81410364398295,33.31605026632151,378.9484125016328,29.00821306195048,682.829429754103,2023-11-12
30,67.1581236741331,43.225572065999586,113.68355220687226,32.12392775078515,209.05831089613642,28.287536739514326,361.2408752702262,24.759381429190398,647.8073798375246,2023-11-19
31,80.10161857726052,52.819623226187105,140.75227414488108,38.96779125407629,333.81745004903297,33.92298922986993,569.0756383491184,30.05973119958635,940.4780554694064,2023-11-26
32,86.32796684937784,56.93794586524382,145.4546344228438,43.65870156834135,297.1982227001514,38.546091417144225,650.2088981719818,33.093817062525126,1052.3542049850996,2023-12-03
33,90.20907705422724,63.762295039246965,134.35477497780084,48.91510581944603,225.45180668472312,42.47903751200793,351.79227683247296,38.42694807250796,500.95806096115405,2023-12-10
34,95.46670053245907,59.983163040652016,160.69508348911586,46.56098076528288,316.4417220492223,40.113676229711565,526.6121034891164,34.98691229718643,958.4991314219103,2023-12-17
35,57.20016793542163,37.30874520845828,88.75553495490021,28.12401103798693,162.58933854830758,24.910754910947436,265.80421016542726,22.535081366166196,407.30673330534154,2023-12-24
