,pred,lower_50,upper_50,lower_80,upper_80,lower_90,upper_90,lower_95,upper_95,date
0,273.8171280135866,226.60039236565353,343.3316128451843,196.0267659828067,458.82157050082463,176.2651527700247,540.2605600634238,161.61157535722887,623.5039485084702,2023-04-23
1,212.72784869698808,169.09385550324805,282.67196715367027,144.5016168029746,384.21287031929245,132.78502529447434,480.80011409268445,121.34442769058806,540.4078625912108,2023-04-30
2,336.05833462649025,273.9402315811021,427.45997427834664,223.11640334564729,568.1973046691855,205.98206957163057,687.8306241611249,188.41365293008857,1029.9171537853829,2023-05-07
3,297.6778522536624,221.33775816165144,401.4469716385938,181.15040151325522,528.5771996108816,158.24845117509832,639.5324295581315,140.82080334043312,910.809766866447,2023-05-14
4,136.66729290853254,108.11889232735848,176.339697050018,90.20847128280438,228.25249212787023,81.31349503000965,274.25343633566195,75.3277234006644,336.1692555316839,2023-05-21
5,232.99998569325544,185.2881926242262,306.1928433214198,150.597899176972,408.0892441816861,135.49352315610741,494.80456874384527,124.39743464368512,582.2362899608968,2023-05-28
6,241.39628887796425,190.60045949634514,313.01924076356227,148.55979948863387,403.06900110980496,133.0627588497824,502.73322567887374,117.83015997962211,589.8529825410282,2023-06-04
7,230.5376690174744,184.1321258573007,305.9598360383534,147.93679875882808,442.9360222270714,131.07366554660257,522.8235068290257,119.4671457375429,632.8390788620861,2023-06-11
8,182.41796210440225,141.05347162677208,248.84844168889686,109.71088335163077,351.39518069371127,96.18711485107778,424.54036456531605,85.94121055651195,570.4012812060158,2023-06-18
9,200.62981064844644,156.03927923445008,271.0294322328118,124.94468579627573,363.4301495203152,109.12807825033087,465.9986554590576,101.2965882430086,556.5423107134053,2023-06-25
10,227.11081597954035,177.1474204402184,300.8474673499004,143.82951563361567,422.62519222979915,123.88989991566632,534.3677826779658,115.82289477327723,665.2914399447731,2023-07-02
11,182.383487379906,138.41451365066314,259.3178853299614,109.62335130046122,383.8668478576933,95.61636487207143,484.3773934417194,85.41013075465162,621.7748917271905,2023-07-09
12,163.09707564550627,121.96129050827585,227.10431163877365,97.02090512444848,314.4272247775808,84.2275226368045,450.01180041635894,74.8982575000322,582.4606633671627,2023-07-16
13,169.39195794613624,128.4411294927122,243.26502943317246,101.69147432164172,361.1337474504603,92.44988291290356,420.06432307834024,85.14691962020152,493.5074923142179,2023-07-23
14,229.338352617051,173.8126227431785,340.09308045553917,139.97216899470658,503.7037005974679,120.42710806445393,649.6279794936592,110.23390773415814,777.0949583140317,2023-07-30
15,245.51166935701622,180.49382617973606,346.0030601608014,145.16124774800846,521.099274495931,131.43021917370498,648.6801502660265,115.43423821611358,812.7457862616598,2023-08-06
16,255.01897598290816,184.82342841886566,375.44435323766083,141.70262470516172,540.0190171832743,123.39304712910526,685.2243808027935,118.04785891520297,884.3150575347095,2023-08-13
17,238.78864055412123,173.42289712422644,343.7617213642807,129.93459680010565,498.72918139175675,109.2361506011599,674.7973354395591,99.42902656478182,824.6219850916927,2023-08-20
18,190.39603923354298,138.34728661849658,274.3808376596935,110.26321082251233,394.01976180756463,94.33929792740382,497.44582055232564,86.77457155572775,724.8835911741184,2023-08-27
19,176.12961924471892,133.49048665660484,247.20951823462383,107.08042554698186,343.54646669057854,92.98490011315444,437.44917006310385,77.93927938508932,579.3839322031401,2023-09-03
20,182.64585356265889,130.19700407257187,266.06321337254485,102.1408785372536,384.0679459981155,81.65789995604136,547.2446189501193,72.84429897876252,782.5238338129839,2023-09-10
21,150.10591160459444,109.39509600959718,204.64143276210234,84.61018495904428,316.5194036923873,73.7932281856949,425.17685025507956,68.38067325724114,482.5509016806895,2023-09-17
22,144.14686544859433,106.18860539315938,211.33390339643665,82.75429737259984,312.81185886559837,72.17923050982499,382.2968959849037,66.8698012432009,443.7836488462144,2023-09-24
23,169.96277736203047,121.12181570359098,258.67871251667384,91.64655242187874,422.57807543861,77.59546023681105,502.9696434461855,68.61412894764507,700.9787498591762,2023-10-01
24,180.0139717260172,125.03355431230011,288.82849454850657,96.44082001418283,469.38505080589823,85.01062999190344,651.0384036712564,78.36008425336077,881.992356488605,2023-10-08
25,199.2756451894238,137.7707879294012,287.79405174191197,100.8707486921412,409.63931029308594,82.87838018606271,543.1653938120791,71.19281699336406,705.3664539393163,2023-10-15
26,150.7386454152729,103.85675076672305,225.8639274709858,77.14985174026079,344.00237124026756,65.96533625787997,490.4637765927707,57.10442445040026,766.7438602665541,2023-10-22
27,150.9367012718285,108.14343054865822,223.7380892448382,80.07407642771287,331.6003097058682,65.29478343946248,431.3025477862401,57.80313039918256,564.3717302347992,2023-10-29
28,144.72885066998788,102.20752328605886,225.03542124574778,79.77880027310458,335.24504326811876,69.45482507594133,431.0728535593553,58.10642816421523,557.0078037321936,2023-11-05
29,126.86607517983066,96.04350524132315,177.22191670878237,75.33094402712887,255.80481509293315,66.07861577789882,356.85749025248776,60.68447983837977,429.0034220209024,2023-11-12
30,100.27296153543284,72.89119852820659,149.23759572733252,58.651484027766855,220.5919013939915,48.6627601064436,280.54779871570906,42.38150678224047,360.6044273982809,2023-11-19
31,115.85345749054977,85.68634726964228,166.8771213562577,66.70254333269841,253.76315906600072,56.14654705488356,315.5165808212531,50.11143166972615,408.65092202502956,2023-11-26
32,121.84538143491955,89.69643775253644,168.85977810861368,71.40529915991938,250.45565314558337,60.93804165219772,335.51046070619486,55.54536607046266,412.3759224869032,2023-12-03
33,127.8991072602148,98.0419513398374,173.80568128672894,74.06872350393824,234.92890978760116,64.04652885467222,290.83110953554564,59.243035643533226,337.7760756708549,2023-12-10
34,106.74574176734313,81.78094183908252,154.33076179997806,65.62164800340543,213.9653770572506,56.70575110850041,272.76114413164754,50.34165666990448,302.5992722389797,2023-12-17
35,93.61617525494512,66.24905886719353,141.66771024281843,50.77896904673544,200.33825166382886,43.22231403598853,239.4906292972645,34.879978229365406,323.90760988224275,2023-12-24
