,pred,lower_50,upper_50,lower_80,upper_80,lower_90,upper_90,lower_95,upper_95,date
0,200.11133899493143,166.5922247574199,245.18729371164227,142.7409071070608,296.14404572914356,131.58196780350409,337.57806772458133,119.12696016414557,370.35991648114276,2023-04-23
1,236.4281166079454,200.07229773607105,293.15407460252754,170.44809606052004,344.22497790385967,155.57513127661076,396.5331234745913,145.2958662572317,438.3692999566671,2023-04-30
2,297.9536168948398,245.69899486703798,360.39072928670794,213.12832541277166,445.30681912461307,198.54387270675505,529.6733751792926,186.16763284601038,594.5341740569447,2023-05-07
3,275.8761828567367,232.71315533155575,347.7826445698738,196.9657667583786,442.0456397015369,181.28059582083952,521.2955307121388,157.7797645353421,573.6496571978554,2023-05-14
4,82.42312907165615,70.22420032034279,98.38595704364707,61.45145227238536,118.37110523388256,57.73689417455462,133.20241907006115,54.162539144791666,153.02865438252917,2023-05-21
5,93.0820329990238,76.29315659764688,118.96608128285152,65.70424389069667,145.2073288329877,61.12967820590129,168.76458340999667,57.38672574002412,186.65348254731214,2023-05-28
6,90.6266097110929,73.017892097414,111.25787577501615,62.63362781290198,139.0112278735731,56.546797915390925,156.46646625966233,52.29998153756314,185.46521267226194,2023-06-04
7,98.3865103708813,82.87107047566678,122.62163596088067,71.68086676767561,145.5041739864741,67.1163609295385,172.8815336394822,61.41605589521642,203.1122731934821,2023-06-11
8,82.75436787586659,69.5457337856642,100.42997861310141,60.80073870172492,120.87064713013824,56.69491835850058,135.48407759062243,52.44427873108071,145.76277514266548,2023-06-18
9,68.29664720670553,56.0767422656063,84.72396347057656,46.99992573436466,103.43144877310843,43.44170529544353,118.90816872686841,39.845263785295536,139.83552852110003,2023-06-25
10,61.79892568523064,49.753093357081525,75.08361601957586,41.79721984292846,98.9627258537803,38.58976160380989,112.26852545147992,36.79974050969467,125.83825795324509,2023-07-02
11,49.52657396020368,41.41539808415109,62.19615589577006,35.897515304619446,78.71052557949443,33.02787911322667,90.9895937368914,30.564140633901115,103.75358067350462,2023-07-09
12,44.70805885957088,37.77427716762759,57.95486074290238,32.124824483681,72.423881804524,29.55710932938964,84.42002926872804,28.077846362878336,100.26406184894147,2023-07-16
13,30.5988059649535,25.096898248695652,38.24568239058135,21.362190865608863,47.100409202792804,18.55987226049474,55.272444879793305,17.144476299046072,63.4456669827632,2023-07-23
14,30.155104668752756,24.80783023161348,37.696946047246456,21.027091284751076,50.692348121909895,19.50001523809333,61.95449102725538,18.342016134848382,77.39154824785068,2023-07-30
15,29.294501963770017,23.428213647188386,37.72987432187074,19.04235592727782,46.85352157679154,17.18464970314526,55.18963458903012,15.655204801878426,67.11414560863186,2023-08-06
16,26.48949501707102,21.294779749470763,34.006630101182964,17.794163359107916,45.055806520942134,16.06168800975138,59.39807673610045,15.042741427179134,70.43823756494965,2023-08-13
17,57.77093758675619,40.8818885595756,93.51564600805068,29.749312901744272,138.53487945523815,26.04137676560422,204.7474007820154,23.881175669110235,340.7623986324215,2023-08-20
18,41.63376060753217,28.420583148952574,61.83892413274225,21.718842345429586,115.58183157614258,18.864548659242793,169.17740315211844,16.388453790069615,256.695964173688,2023-08-27
19,31.181070525053656,22.794543695417815,43.38504596576968,17.970175853364346,66.0931597672461,15.24889587094458,83.68888023819288,13.838799563345674,122.42915609860208,2023-09-03
20,43.51864297641441,32.01783058734145,61.58907707574508,25.210842272872107,94.65102226453018,20.756899272961892,119.69092667857905,18.78536148000967,170.93579778577694,2023-09-10
21,46.138503373309504,33.63700879825046,62.836215284405625,27.113067874484116,90.81618770737259,23.547163560694752,120.29328250881517,21.590305719293248,156.52481750968826,2023-09-17
22,54.47658703866546,41.11607738519524,79.69848975451896,32.45034454341803,131.95971878661075,28.115660337145528,175.09698681401633,26.149925118053215,227.62835754011726,2023-09-24
23,70.71946796662814,49.041574757240596,107.35570396684489,35.37605839372554,194.00593100075793,29.256297250423543,298.9470813042657,26.03033747208101,460.5754771074628,2023-10-01
24,59.28010821191128,42.7336528988526,85.52969973313157,33.18661902686581,151.94283605269447,28.932536899435217,235.1882375493471,26.694211853053275,293.25893719941365,2023-10-08
25,54.19429323160148,38.980800938759785,84.25206249153416,30.602202863327694,147.9939192497288,27.549923289433355,214.13483783169642,23.65640150291656,296.6153883403895,2023-10-15
26,72.21589785799006,51.7972310971486,116.56450816701545,39.97756535706285,192.23871101601986,35.07739457497592,329.07462630352086,28.733823507869968,427.09204132787374,2023-10-22
27,77.03295917084324,52.51187657623086,116.59216790867504,40.277723435894586,185.34228934534477,36.72168338471674,288.9204581032332,32.9691929618326,355.430841118533,2023-10-29
28,63.95232661184855,47.62219679677946,95.02946414818871,36.85654236203991,142.7933764139656,33.04363642227836,202.55261946078383,29.756739775020833,255.12663381257474,2023-11-05
29,75.49258071392251,56.16041793007753,106.34987934489618,45.574635755480266,164.8554989279248,41.462772586999925,203.25794345588938,37.859033910775906,288.7698212571279,2023-11-12
30,79.1060317135125,56.83840611969936,121.16095528998994,43.718333163636274,183.34372698172228,38.71550264856487,251.28729119073074,33.986136143990734,371.09989749692545,2023-11-19
31,91.7308053127199,63.69617937551811,150.60749676193518,49.45663837895845,255.5811489140033,44.474312110460595,372.94087126697667,39.416573382567734,554.7098074542031,2023-11-26
32,89.43836998962797,65.62993543913763,128.74739664391382,50.147228775068655,200.98955242439413,42.781153656472455,289.0072551062097,39.171897159186486,405.7110551562999,2023-12-03
33,98.35209375014529,74.55143038509414,137.67147358087823,59.58992113395361,203.07176708452172,51.36557776717236,276.6455704096821,44.790754041523904,379.7297612383866,2023-12-10
34,93.14928575593513,71.69934451679,135.75559170512133,57.65430866659153,199.07917039314066,51.05397686415818,261.9619647767858,45.840226301907386,361.98718093075126,2023-12-17
35,67.7935288398985,50.16071740446205,96.61997471036739,38.86810407844605,147.29037429054736,33.02765854844474,197.82841156867207,30.392008626677853,281.2706613968738,2023-12-24
