,pred,lower_50,upper_50,lower_80,upper_80,lower_90,upper_90,lower_95,upper_95,date
0,219.76792021561414,149.82960393012036,347.39474725106265,116.45538740893826,620.6675699732034,99.96777658270439,825.5491070760529,90.30482095499757,1069.9479052705394,2023-04-23
1,260.7509063790785,174.57550275020185,440.4584528495907,134.36848085918464,796.7975486005423,116.77029625457362,1231.8309471566695,100.53037529673894,1483.1904807436156,2023-04-30
2,369.58584729989525,255.88954761740752,565.0251278245123,204.56977682067082,932.9667683387644,175.45886277891697,1270.3735683743832,158.84380363794045,1625.125469957408,2023-05-07
3,246.8041656020796,172.41675926349126,348.979327766574,136.79609842412174,573.7348539570812,122.10226765035186,757.388697800726,110.2101767332002,1024.50372967656,2023-05-14
4,164.54323404538445,125.35936064447742,246.91487913916353,96.94949695104734,346.85379664662764,86.80633210840169,466.1150848455261,80.34778825696559,622.4953508298835,2023-05-21
5,134.02789089467842,95.80527103086933,199.4489825090859,77.63883499321528,311.80199835416863,69.38165802669246,452.8225248080201,62.940363896440246,627.9371786133732,2023-05-28
6,136.7433637533104,105.90333004365675,205.13215217203833,84.77502562995069,340.7822788153776,75.99705862179398,446.6849881695816,69.43950031183195,590.0344012029925,2023-06-04
7,106.50994204619201,80.7086329953745,149.40051849529846,66.47141540232114,228.8497951934115,59.29162346601952,283.82956801686646,53.89476138575992,331.3748227897767,2023-06-11
8,95.65675564226694,70.85311861502123,144.42309581008158,54.99184843190015,228.20333490031777,48.694746169773865,304.7587086149955,44.69096677887719,397.95418190901944,2023-06-18
9,100.74063752125949,73.41723820773768,151.82982433988946,57.35437297760509,230.1743865570985,51.441845403146004,322.17106911190115,44.573616349388615,447.2077475281018,2023-06-25
10,85.80863986187615,60.20185864486848,141.07959182502236,45.00077643926488,221.57476780972212,38.83825339034083,334.3462175938589,36.68630866502208,408.2210313646552,2023-07-02
11,67.94413646077737,52.16209940119734,103.9209376112558,42.44873914907221,151.85924728980754,37.474168160464615,199.68028913273002,34.09815336727479,310.7358325100003,2023-07-09
12,53.91549525744631,39.18427852644527,80.74595314846374,31.413185234856794,123.64831788052108,28.15541749787517,172.10444199206535,24.887607069525984,230.53298286591004,2023-07-16
13,67.43807512387866,45.5109908987215,103.37526957591763,35.28009811239317,185.26571285722895,30.673682674075827,261.17388962262186,27.428525778367476,348.8642162690746,2023-07-23
14,50.78168129520782,36.137119300081395,80.33392446743528,28.147880749288017,135.94932571064564,23.52507856520533,173.53448891637362,20.796108990685024,252.1129508924261,2023-07-30
15,62.0406440286024,42.893497988421586,94.86788645568595,32.486491870530884,160.42573861259743,28.774949741948515,214.75112939942042,25.683072878114764,251.50227164810047,2023-08-06
16,55.858824878916494,36.93675696191349,91.52114203250676,28.13654803551617,164.9761977620074,22.92107323091477,254.18321342296795,20.482240414513946,367.31999271619156,2023-08-13
17,61.801274334589834,43.15193878621358,101.04246472480736,32.95417968462571,158.2373277294392,27.16455965050627,228.94261541446232,24.51062300056219,409.09813201436435,2023-08-20
18,50.27639439099585,34.18080192141497,87.3267134099151,24.99659314682649,138.83500452402515,22.127086037228583,210.53752900385572,19.561173237826004,320.53328756047654,2023-08-27
19,30.585435534856515,21.604834733181633,50.04978911884609,15.703617245613714,81.20629423949296,13.242885844800913,127.15862867971869,11.451511706632301,212.80707917043534,2023-09-03
20,39.2649085516241,26.051722084019275,66.09476134725628,18.944411114198736,120.06698366744533,15.153879716928351,197.7322329863218,13.156270758659957,258.9912646962499,2023-09-10
21,44.20145468914416,32.526438276509,68.97054794491851,24.547913468355546,117.81913490247098,20.23685583397164,149.10391906582285,18.166727513930528,211.63741363565174,2023-09-17
22,45.866491252876585,30.183100558388105,73.30894320805237,22.166453541090597,139.92482101953067,18.859782537804133,177.27815692538843,16.594129066090318,246.11802239803347,2023-09-24
23,50.865480783599196,34.92544177535456,83.25031251414475,26.480162182461935,135.41333701232944,22.623580053358456,209.19833672260424,19.732980806797425,310.84841743760836,2023-10-01
24,46.016236512339674,31.974561175491544,71.0501370926795,24.94423431941541,124.80530536050502,21.96588947026612,180.01906270720602,20.749055784959637,278.95969881949424,2023-10-08
25,48.475506420014426,34.51380516207428,81.11167861049762,26.594777537940537,143.87157612915618,24.157514985161836,187.99983317810398,21.38046037184831,253.1788578576655,2023-10-15
26,57.72034089907538,39.91314078686992,90.05826676711149,31.12047195508494,151.64311571947187,26.38242067565443,197.80697776652522,23.30067798391683,272.6563203815003,2023-10-22
27,43.769658736826386,29.124460760416696,69.02308508846909,22.157164240936982,129.63380425181538,18.83244983041368,186.17948669461128,16.96600477994507,276.6350900159414,2023-10-29
28,43.42302528106666,30.892283202440012,69.9398337990715,24.067136658914386,123.24723333459409,22.236431749598704,185.0360593818564,20.318848631429137,248.81083652860084,2023-11-05
29,47.22045946290018,32.464595131517854,74.32624106539879,25.502698319009504,118.65413578464653,23.583963437732017,180.01498789998,20.741470817566736,312.2285634432027,2023-11-12
30,44.51813904804294,31.384878630655294,68.65847315099381,23.810980732375175,105.12761876072182,21.74632689817372,150.16868231293756,19.28418875911884,226.50759652497356,2023-11-19
31,38.7586869331426,26.695605996328595,62.814773606311064,20.716111476713557,110.40967608145439,18.627337805612477,167.80229265195365,16.270098001090446,211.78002420559332,2023-11-26
32,62.40316608391004,42.50924255322025,100.16096415647189,34.07333624236053,160.05989689599963,30.5678055321594,227.51109068355274,26.633762688580465,324.593689311995,2023-12-03
33,60.88042107928777,44.83194253943657,93.98396955974749,33.8896295829094,151.2123826626572,30.708024060179014,200.5603177331064,27.8198666459939,360.6882587370899,2023-12-10
34,42.38192304279073,31.15278760563524,65.56080063580885,23.461971556616483,110.49542531654588,20.77750129312626,173.05263327841814,18.050412540549587,239.03687467430393,2023-12-17
35,36.763518938467314,25.006863304952276,60.40028218621592,17.29376957207278,95.10915688908136,15.691606561683875,128.97887564064428,13.340416427575839,209.15830386765566,2023-12-24
