,pred,lower_50,upper_50,lower_80,upper_80,lower_90,upper_90,lower_95,upper_95,date
0,1479.2625760508213,1098.8555875400752,2111.0398710011305,877.0156458046204,3208.1603571984037,767.2122947025292,4214.400810485976,704.0401804774318,5695.816419130962,2023-04-23
1,1766.5529462025297,1184.790437912823,2694.1252792758733,907.7943793797486,4517.8742346977715,752.3036228170281,6784.355519501615,646.6918039257253,10771.813218244755,2023-04-30
2,1314.3714151813176,971.7535407228436,1967.5089215111666,724.657700052455,3052.3098968825016,627.0188942641114,3953.4480561696937,554.3169751398141,5483.869824483328,2023-05-07
3,2098.7881748505215,1322.0757787083658,3405.6279033411274,896.3020630563556,6021.617875217209,709.4174645914624,8275.156288818831,642.0557468315512,11212.413412997006,2023-05-14
4,2276.6901318744785,1387.9103343710226,4165.638898672679,1038.8873031482083,7906.94678863261,828.2325052459663,12474.2117426651,763.6747942154043,17261.11904218074,2023-05-21
5,5304.927753609611,3306.483871658821,9177.955442864324,2223.44265439484,16501.592086105753,1893.8773425180548,29265.764590200008,1612.8463462772067,42684.57808946793,2023-05-28
6,4669.123954709534,2679.4670513907267,8608.876882014356,1768.0918396078719,21011.319952329763,1319.7340872798125,31852.781664109425,1222.3709669354848,47649.104517978114,2023-06-04
7,4651.085788544195,2871.4453783137374,8128.718847667258,2018.1260602336201,16084.440457640974,1615.4777478634494,23073.889784492818,1434.9385140229508,39985.70857507585,2023-06-11
8,3496.5606577491653,2224.94405671826,5919.74760066162,1619.9790135968356,9656.229004702549,1276.8551615026606,17257.505123796524,1079.6129590263206,29727.564645497885,2023-06-18
9,1570.6285406322854,1027.2518293975509,2781.0683737652616,720.1509775190882,4994.429761816379,554.4316848434779,7239.509863805829,493.2288012434865,11083.86035340801,2023-06-25
10,1695.7359259870864,1180.0171034742398,3278.2843498919615,734.4485413900001,5986.773209456621,641.2259763389052,8808.827055302276,544.1796730990477,11635.23750394321,2023-07-02
11,1133.9627154868394,772.3804235096035,1755.2234660622767,598.5649967211386,3292.5247870142707,521.1556891957491,4226.834524977635,458.4432686172422,6044.897812788609,2023-07-09
12,981.0104210139825,634.1984908720801,1692.9231823918021,461.8499571286285,2991.0142544649198,393.549530711222,4893.993832072767,311.9813813942784,8142.769992274525,2023-07-16
13,622.1101356857941,400.8132485551696,1027.6766336951637,286.1748348916031,1628.242782620355,242.854274959583,2463.8907756966105,213.88840808395182,3614.286916195424,2023-07-23
14,805.6882086252833,583.8673571567074,1243.5962912577593,446.42292583074135,2025.341227033107,395.4506837638975,2947.5155106067587,355.06056394667854,3577.1516747743035,2023-07-30
15,564.3896184043613,401.0667611469819,846.702554416323,307.6088290780366,1380.5623112864637,260.45572016029456,2093.147177601281,224.45583252029496,3095.2711711208985,2023-08-06
16,248.33948471344834,171.84760655487048,369.42832721085296,131.73995597467788,602.6687635462893,111.62687993311566,841.4017368365936,95.40871641244661,1046.5621483299415,2023-08-13
17,348.09982523052224,243.82288013942144,524.3512217977756,176.95159056533623,933.2870553867425,141.68509763675902,1343.6302498723132,126.31259906203599,1880.6071408323528,2023-08-20
18,471.0421826035317,333.86537572346595,659.9770946253237,268.4641588839336,954.4781731208107,224.33122574898726,1276.8589356191308,205.22320903316637,1655.6891093424529,2023-08-27
19,1270.6920338671152,1026.8703601917323,1719.9104433061639,850.0560193255587,2448.6084607189896,751.3991575272521,3032.91779835838,709.9907025547108,3821.6148024361564,2023-09-03
20,1171.8227390579796,937.5032351631471,1528.3113824002612,772.6644615910791,2078.97079530602,694.2347471573427,2803.6054657237232,662.3504419612578,4024.4508984482427,2023-09-10
21,1144.3109552558672,896.9377511916246,1545.8883395502426,764.9298555778863,2141.8375685220985,669.5050955690967,2867.842095184371,617.5013559867491,3729.8381959897188,2023-09-17
22,924.6207998267691,722.5438173692128,1218.0122295222,629.3716210664069,1645.9238708776375,563.064903655966,2134.4054601659664,523.8661977666518,3077.5648577069137,2023-09-24
23,484.91832787969724,396.9469634143063,639.6224231376382,335.5259306068836,986.3904717139452,303.0054242366503,1269.5607327520531,284.3163227761563,1716.660581772183,2023-10-01
24,857.4461971212186,691.8482352202191,1234.2791301558755,584.6226339213048,1767.1131387628595,524.2089476912621,2310.2421203518466,462.15540277135403,2836.745560975099,2023-10-08
25,849.0187205839325,666.6623104802766,1128.0555949230547,557.5210091568675,1514.2865312040983,501.62405568051616,1810.1553406182138,468.88693039612434,2381.172916727523,2023-10-15
26,708.1666012164915,536.439597618956,1003.3724055342959,451.411494486309,1368.1868698833375,413.51865720315857,1848.3626123400304,390.94354926311644,2393.5162435229154,2023-10-22
27,775.1433820102734,602.6180087448865,1053.514047774085,487.7473120114111,1592.722849117688,445.0212167629208,1930.9187757473749,413.9807664536203,2605.2653995594233,2023-10-29
28,696.1144482822583,548.1388952720972,980.3479628564955,451.83379444574973,1390.9242875771001,411.88564864632497,1874.6750029667392,377.67950386590985,2296.7531176181215,2023-11-05
29,659.2720724260885,509.7633256269346,909.7995886362064,410.41573069054283,1323.0973224273444,371.9336745534317,2031.3690895371406,333.6601617003902,2908.1992751422517,2023-11-12
30,762.2383133841922,597.2198855933439,1052.0251611716394,456.7166161394765,1431.1492545535782,419.0169940161633,1986.9137886268536,386.7248358380636,2635.472846081807,2023-11-19
31,674.6431638292397,527.4955072486773,949.7857730035757,438.84164017517213,1318.1532349198471,389.7640035735176,1818.0980367018954,355.26476588855405,2300.212226101924,2023-11-26
32,470.6541514708206,374.69124730617204,618.852141430323,314.3700459708383,833.6876385107997,282.1169914356492,1062.0096592520895,252.5966165342057,1407.1254595462033,2023-12-03
33,415.63546446982946,335.4814710929086,571.8131541340881,266.6152668579983,838.7728304068801,246.49324534642943,1054.4573101969916,220.1131088167641,1391.2707585268238,2023-12-10
34,306.6011893556315,238.47921300684857,435.9024798233852,194.55214527476065,599.4501291718494,177.51751689615185,768.9387945931154,156.42622720153662,1049.3572182759335,2023-12-17
35,268.2373465614405,201.29267253809633,377.50882210134404,159.58802954303763,534.4681256640753,143.12379729664724,766.114011904899,128.51477340170766,1018.3226621890825,2023-12-24
