,pred,lower_50,upper_50,lower_80,upper_80,lower_90,upper_90,lower_95,upper_95,date
0,245.30332805926446,168.8710382852878,433.8411040733554,119.28798290488777,785.4227320593782,103.42683672964922,1283.9478436738655,96.42094286605716,1994.8633255424966,2023-04-23
1,279.9720311416313,194.8980640139198,460.89257297787117,145.84720138374252,832.8934482363985,127.24027287249919,1179.5987255395153,117.01469199070998,1618.072572722826,2023-04-30
2,337.3514891141094,247.1881438785931,522.9195664957515,184.73489107419738,838.901257426385,165.57440726114436,1212.573958785224,151.6990020262776,1644.4423687456747,2023-05-07
3,344.4873766908422,229.51558155275416,542.8989933438133,175.0393686065916,990.8196735925276,152.63132452853023,1347.0612941945667,141.20309366066357,1964.3411099407567,2023-05-14
4,268.84011494438164,183.24896319716936,433.0122304733959,140.2947172391112,768.6985511173965,117.4415881604422,1185.0674617649634,103.84349652754608,1725.8530181114727,2023-05-21
5,241.96162518649362,164.52823382173665,383.6934956484474,119.35966129048029,713.9788664144003,102.27714936729171,1121.6098301831748,91.91098917987838,1484.6180516539212,2023-05-28
6,229.8856208450161,149.78318559308536,361.9913512344938,112.75937524032778,623.2222175540638,90.17048286270874,925.098857673388,85.04782376803051,1363.422373409237,2023-06-04
7,180.36555727035739,125.74641626491211,298.84569059615023,96.27268968494027,531.6725962936764,79.06323691750877,786.9751948684793,71.41207519831369,1072.2626443165238,2023-06-11
8,152.88333920529112,104.82003894698573,255.1150081664964,78.17957569193095,469.70254265039694,66.60700410803547,660.3441082166507,59.89200840724516,938.8716941558521,2023-06-18
9,135.25801780857728,90.89409929400426,232.5368017288274,67.32244663086021,420.09056326016446,56.952070231786635,613.3093813653654,50.803258414348235,958.4543086539735,2023-06-25
10,100.64630839438178,67.41238143245573,179.91394526638942,51.26038422670972,327.23287977767194,44.03173972558871,490.5405493940954,36.63133719509788,743.9990369675932,2023-07-02
11,83.84295629389817,56.2653904178369,136.95582041960733,43.183773640112484,229.45795123537536,39.24589382979902,338.1606738587825,33.693828216270774,475.04358916456744,2023-07-09
12,86.93305083402811,57.28238726605923,158.3235814479267,40.93517191026258,267.1044450413377,34.78296585283351,411.04461283847337,29.245215940342316,596.5390621957929,2023-07-16
13,88.17484490674542,54.53458521127686,158.26792645001478,38.41511242147244,303.32301506240054,33.13024532461841,480.55602190872935,27.467305216921524,758.205339164338,2023-07-23
14,77.39651161961228,48.49327899415948,133.54112998010532,36.14279110450152,252.3297311890318,28.914281092149032,413.9582424617159,25.62015744548262,676.4013525911657,2023-07-30
15,69.36555840454821,44.07630037636409,129.67067706988746,32.48849716004916,237.53849916458873,28.254898526969193,356.67340889484973,25.88104434883844,547.9171514970965,2023-08-06
16,62.13640488465899,40.74691404368423,103.8231352278126,28.87495143681299,202.136658538494,23.664086167225925,297.0922211327939,21.453224543750185,582.7428892891637,2023-08-13
17,56.14395854691975,35.53682407001179,91.41416733380174,25.641862317844062,187.42114533235804,20.99815958725794,340.6466006669308,18.519364232219413,489.8726664195495,2023-08-20
18,51.48379752484834,32.42181251372858,94.9893399974535,22.535262361732023,189.65477076543186,18.57549267814602,317.1001515091404,15.590325847975965,456.6749378832686,2023-08-27
19,40.39469996753223,27.189815029843885,71.9773802181553,19.332477006042335,153.8938688758849,16.619130048839725,269.64187708105794,14.817334774204573,374.5591266896706,2023-09-03
20,34.81631489596657,21.599222600454596,66.35501643759198,15.573256076637188,138.69301397358362,11.965134719517664,251.31763944313485,10.0467317107682,420.01879315953977,2023-09-10
21,52.482678892775766,31.92296902830185,92.3503200883788,22.295982282896148,161.0252814157932,18.354185777701424,221.08075300175108,16.330355786208838,324.5410907533766,2023-09-17
22,48.713139013561886,27.604445980837227,87.10771891187505,19.73683403030709,189.95072083157285,16.476140580872833,392.727266832499,14.62559518470771,701.3303810910667,2023-09-24
23,45.97935304362727,27.188432071554416,83.01073215926954,19.72638967618259,178.22760784571767,16.54175094954535,275.5659253192444,14.294190744968365,530.0741987103925,2023-10-01
24,62.59510398362181,40.83801438782848,111.64247751112998,28.767592744242577,214.334023693041,23.86355033727978,376.81701439791874,20.538539294630027,513.3054266277948,2023-10-08
25,70.1563301772403,44.27351937124331,131.1854884880031,31.908395965689852,275.86844893727397,27.803316363286285,474.3661451089354,24.22170735730324,735.3120017876206,2023-10-15
26,62.368222238301314,40.98165580898058,118.64191095995375,29.232827513174563,250.00025092484944,25.50530399413401,399.5250787717061,23.040799201408664,630.2918461740578,2023-10-22
27,61.15845922521112,37.69850335655701,114.43269748639318,26.21836101469162,245.18529678721902,20.873013129208267,324.9718479182372,19.266787742253836,522.9553273775593,2023-10-29
28,63.46725867949135,38.796830768893415,123.19406361588881,25.977609644747282,228.80032290027873,22.289420766677996,364.3908577906796,19.490321945676808,516.0330632043153,2023-11-05
29,78.87427881438634,46.607467932535656,140.1447066221408,33.182945671956986,245.43062226918715,28.63280198003995,319.0023617526063,25.080133606819437,579.1323681557321,2023-11-12
30,73.60437586448825,42.427813688496826,129.41604187619896,30.488140203471996,235.89611149449777,23.719906880310553,360.66267320468023,20.23896204191042,556.5555493716362,2023-11-19
31,82.24179597763396,45.57195879251776,133.92403607525557,30.734637378655314,244.70763306487967,24.19337885521527,409.47013985557294,20.751780756796688,727.1525125935476,2023-11-26
32,87.28934471638786,50.72521092016541,149.86177727957693,35.59003594151945,317.73597750057235,28.981014874530594,622.1830849064121,23.132256782237345,924.1410097461238,2023-12-03
33,102.57403222494759,66.15654417744372,192.56985924972832,48.75605028783939,345.29479463634783,41.340228970914175,708.2227333678983,36.910418543756535,1088.4428422277706,2023-12-10
34,95.65124455018668,59.02104012989548,170.3557225449913,41.90566670669723,338.69153329083497,35.04035246736276,602.2669488112318,29.44159648279092,840.4260790184603,2023-12-17
35,53.56172779999906,32.274810963625896,103.65206433193543,22.737886418838755,193.6473560838875,20.014772383301715,375.5321121771802,17.693815851584077,618.6447465323874,2023-12-24
