,pred,lower_50,upper_50,lower_80,upper_80,lower_90,upper_90,lower_95,upper_95,date
0,6861.969142790098,6037.785092027756,7891.794688403868,5518.344158747792,9654.612169909431,5134.504290122539,11124.4280185675,4827.823130540821,12233.288065248471,2023-04-23
1,7907.436097615049,7103.672287727444,9235.579096937669,6462.385623260238,10458.69736912714,5995.953645797301,11443.192712618398,5719.375937940192,12320.133362809462,2023-04-30
2,9688.745155687327,8472.444474727992,11149.222297209635,7675.478065124829,13061.943712799672,7206.032935916598,14172.48189353346,6924.732104320737,16092.960125561856,2023-05-07
3,9750.735735694529,8185.654430665978,11380.656427626178,7305.006056262052,13723.834549758712,6799.688766552732,14900.69760200577,6436.25234121104,16280.889473352709,2023-05-14
4,5999.15560551791,5276.841792546271,7057.115432693419,4751.397310098308,8136.466237463052,4465.714134802026,9443.887423950582,4257.574822060344,10844.326390323591,2023-05-21
5,6572.751416486659,5553.213392229518,8017.2167591524485,5010.591837663334,9957.611329386604,4666.74680893143,11927.961894197646,4361.745477347601,14213.650773794254,2023-05-28
6,7004.090481079256,5993.243842617434,8491.065331083082,5336.351274948334,10244.357539785049,4976.2675336306565,11784.408726787171,4654.065410726737,12900.128968267714,2023-06-04
7,5759.6270137193205,4879.114029706048,7018.325141465117,4253.733401131144,8323.353864581135,3951.8256683340937,9962.818408643318,3687.274947368112,11086.018672858707,2023-06-11
8,4488.463440619729,3814.262246025479,5420.932250137937,3328.55315923795,6484.500846082724,3088.4906734662786,7379.293753950922,2886.0152749514264,7931.786328854381,2023-06-18
9,4000.400820612529,3443.651932951492,4910.141057415429,2970.756618350715,5996.668068701679,2775.415353837429,7029.8327711370375,2545.4978484408907,8127.154719505875,2023-06-25
10,4680.71781312814,4060.7915901795495,5623.329541747371,3608.0643448572578,6958.187524351758,3395.206886558529,8379.849408697515,3252.94910753521,8777.739588718581,2023-07-02
11,4004.8685157661384,3243.5160749668976,4887.881328938594,2767.4112524335624,6153.005764010414,2621.1282317967098,7412.720685913918,2417.1696169425545,9759.687798155905,2023-07-09
12,5008.389758287638,4184.192118495492,6100.353602449686,3572.523042977019,7753.459305814999,3365.5828140828467,9429.424902273417,3194.0541970592503,11787.780309074662,2023-07-16
13,4768.678117341828,3986.4055225419215,5956.1023615898885,3411.2348178541624,7823.379176589339,3137.5933021777632,9163.271178800396,2959.932028283723,11512.414777196887,2023-07-23
14,5011.10347566659,3919.2997224472783,6499.380908324496,3432.2564466085155,8226.974394908297,3145.679966079001,10796.861542438266,2875.1851560317327,13086.22955596181,2023-07-30
15,4053.4307076125697,3385.927556811497,5028.2580831641535,2809.8058957307367,6207.048663347628,2618.71110378093,7308.291575899889,2354.824055445766,8646.994224426708,2023-08-06
16,3638.00140640646,2989.628887060746,4521.261111420725,2566.514928759995,5772.721807819256,2368.4691576540295,6942.164990517767,2223.57300681876,8410.333328208973,2023-08-13
17,3149.0903400895495,2649.3291607242936,3889.101972677774,2329.135163289592,4921.023096236669,2177.27563120375,6294.169919734941,2053.1213992809476,7504.063697223118,2023-08-20
18,2467.044226942242,2068.8472152876275,3058.1048090882105,1785.3523392137954,3761.2891939558954,1641.0491095904727,4570.527243319334,1543.530762735488,5208.929609839504,2023-08-27
19,2318.740048662141,1944.6686242392825,2862.01906382537,1713.3137338749832,3534.1218290470947,1567.1668298678342,4167.321709140622,1450.9648750790934,4885.80092274786,2023-09-03
20,2065.5771007351577,1705.6157509063305,2628.994082580146,1452.7894107906322,3392.6061064388387,1346.7888006601074,3856.0015113629825,1230.439094028546,4312.847670203089,2023-09-10
21,2168.2644269615157,1843.460147707894,2758.3562499718937,1586.0711167395377,3492.2119153168,1480.9532045314845,4489.205303541854,1375.2988878960539,5142.0287731514945,2023-09-17
22,1739.118602473256,1439.8456033952134,2195.98016223951,1249.5497019713378,2641.8750215939267,1161.1806582463855,3192.7679514757274,1109.3724293578296,3845.212524193245,2023-09-24
23,1668.389099873908,1378.20676343983,2072.9615007887987,1217.2017304420224,2637.6476170953497,1100.5753735194176,3186.643009892369,1009.9167485906881,4240.680854554688,2023-10-01
24,1353.4538631450941,1128.09189925407,1644.653292223411,978.9748708668776,2075.766810231268,912.1704272074069,2440.612121299281,855.9547164006124,3126.0982732468688,2023-10-08
25,1533.0290276116539,1256.1471941323653,1981.3704237545826,1116.0018519120808,2585.4473754266596,1003.7148193965498,2958.748071491574,930.6856088773089,3627.165241532797,2023-10-15
26,1304.8440862428142,1084.5300800601472,1655.1311474324284,930.1738054715548,2159.7591805031743,844.4102455860271,2750.9972524515265,802.9992658857082,3326.011719216491,2023-10-22
27,1483.1524446394633,1198.0338025482815,1888.3718793473236,1006.1982627719204,2530.787826832752,897.3508984876196,3044.139445449133,861.7389237908635,3597.5172423586696,2023-10-29
28,1292.5823808750592,1089.9343012998615,1589.4774199943113,928.6820690626079,2064.475587402521,854.2714492774725,2543.2841831497253,799.1634157907218,3168.902415277617,2023-11-05
29,1145.8865278261947,943.8357719691248,1408.7169534370328,820.4321876654096,1829.2465632923459,739.5201965514028,2086.2050215286754,715.4927519822559,2398.291849941731,2023-11-12
30,1468.4816063741055,1200.200081765106,1837.6828597537929,1047.0205467344335,2359.510652452291,973.8028023646216,2755.993052574584,926.0332782986419,3524.9191118590384,2023-11-19
31,1495.9521477208732,1192.12974018346,1842.7057990133462,970.8844740984192,2347.427566899437,889.4458794199096,2774.0461509831307,822.5014851867284,3252.6148145904094,2023-11-26
32,1473.8636524776666,1196.7176416946531,1907.7006273507536,1009.9779395381265,2555.3472280175156,949.7751975001167,3215.8948201490143,904.1251044514711,4281.71800235069,2023-12-03
33,1227.2937763790715,988.1685296136693,1534.716701321655,835.8947232729436,1930.2299377398758,762.0334674496295,2277.0284864936625,731.6367977977882,2718.614067853623,2023-12-10
34,1082.7789374011868,878.1449298126154,1445.798671778814,724.2644540602525,1827.4862440482839,652.4514019416596,2154.1431557683723,615.1679819437454,2954.1910195559867,2023-12-17
35,576.3942741109386,450.50419650292656,718.8437096516409,382.48821259966445,1026.7859532515763,340.72071789307427,1205.563323337255,322.30848019032425,1402.0094042147773,2023-12-24
