,pred,lower_50,upper_50,lower_80,upper_80,lower_90,upper_90,lower_95,upper_95,date
0,5133.3684867238335,4839.378978632172,5521.959532279463,4585.482323617954,5823.263682430529,4470.396041694825,6086.54164107145,4371.2935917037885,6272.433512485098,2023-04-23
1,5824.160418458283,5434.619540348969,6234.455624784459,5084.815343448555,6649.355015528726,4938.144936982545,6907.397993724398,4779.789984714183,7107.157160618738,2023-04-30
2,6758.189206920622,6248.26493054071,7320.088711111108,5870.885207192839,7878.43367943219,5681.560196715567,8371.148901165787,5443.842478947656,8716.856738539405,2023-05-07
3,7214.47858342086,6639.266043893585,7871.481252735888,6151.53618700949,8526.599944759544,5957.533456283173,8855.65736723237,5765.906243979765,9180.114524551744,2023-05-14
4,7289.058969060978,6589.070512347804,7978.2144168818995,6155.232455295807,8755.59895404838,5885.514765526246,9607.390369837436,5675.178600829195,9925.959599248388,2023-05-21
5,7142.6544380803825,6467.571681671994,7970.48123417118,5972.252283821619,8919.928285242557,5713.380190768145,9360.366503704663,5566.016142095215,9966.227981968656,2023-05-28
6,6916.03202316293,6325.9474373916455,7799.865508129005,5723.361521587137,8555.036314892926,5444.182063537797,9126.689401446509,5262.98579027557,9950.052529351524,2023-06-04
7,6259.03852246044,5616.78022456978,7055.370783729344,5104.647315555281,7815.337883923725,4832.728390182839,8518.378334121464,4656.532370874453,9074.064999041602,2023-06-11
8,5813.705526646561,5043.89245778312,6503.591577894702,4624.241255871631,7270.045193220699,4410.331117163526,7890.083143565368,4202.404255189998,8557.277737652255,2023-06-18
9,5106.653706022851,4514.335117181332,5930.231549018623,4084.7187282422105,6711.0523922390075,3803.7048072587254,7123.695961902913,3683.8523216169315,7434.925572670302,2023-06-25
10,4908.091320290812,4346.997749627051,5663.342611811402,3917.886127159817,6461.585314308951,3715.355887579439,7092.84767228446,3535.4389970516363,7712.38680737776,2023-07-02
11,4758.6821588880775,4138.513618013116,5585.012559228637,3662.727985000206,6408.295572248177,3463.2217310315787,6941.788557521827,3328.037904095651,7521.734881069453,2023-07-09
12,4464.034445519657,3867.7372444539105,5034.627785327582,3389.873267306876,5839.951168426948,3185.0907618120254,6397.607526333866,2963.8980842387477,6986.391162554122,2023-07-16
13,3829.8594138522894,3322.066724026692,4490.635237486569,2928.810970351694,5389.106419393065,2737.2324317899097,5876.63348536094,2656.606908840293,6550.3947333047445,2023-07-23
14,3453.807914355799,2972.3874772210747,4015.2214561903893,2592.379761474526,4750.501310776012,2403.395153202252,5175.654097229413,2279.890830831304,5437.942466715598,2023-07-30
15,3105.9084890505983,2664.985589211035,3652.292437475672,2352.6171789966274,4267.938400083409,2188.7680980639343,4650.143200274191,2070.9809183693783,5083.926282723322,2023-08-06
16,2881.611214401928,2511.5218807380406,3443.62750903883,2217.3371735324195,4024.3283758981415,2057.5738840370454,4337.994115529771,1952.876034335024,4801.657802665966,2023-08-13
17,2466.940906208518,2145.109447536448,2930.300074204695,1914.5165818466935,3601.180912649056,1773.253943995829,4044.358259803698,1647.1165955611948,4518.21985381922,2023-08-20
18,2248.9049378411346,1910.7368623076268,2631.2682099288704,1660.0840899615189,3168.33464843926,1536.774759934547,3498.7424974311434,1336.364728001636,3820.304847582083,2023-08-27
19,1974.6641766866132,1678.2487365585957,2400.9709918919198,1481.8519153039474,2864.155668011967,1402.6218954163205,3197.840761105184,1311.3498492444658,3496.9180083668075,2023-09-03
20,1900.0933492398763,1604.0325754557502,2324.9321680762623,1400.3949095546056,2875.1881927822674,1279.4502622164284,3269.2041434894704,1187.41022404136,3709.5052319228503,2023-09-10
21,1671.1349798140654,1434.8903526222748,2038.9069318022875,1254.192431788356,2411.2295668586894,1163.3159279127499,2665.1700920864632,1077.7176200288513,2881.674253549577,2023-09-17
22,1546.375003115676,1336.1145692868486,1858.2097998003353,1102.6849823613923,2272.8568938550425,1036.4209675811626,2596.34825200137,984.9173175723363,3047.9668741131563,2023-09-24
23,1464.846440055962,1234.4548576322195,1764.878200207886,1070.1388677209795,2148.3931528577154,966.981405683501,2408.660239359117,901.6054640225968,3046.067418821454,2023-10-01
24,1329.49903608449,1146.271943446005,1608.4646296757765,1009.6589948441855,1928.9448370664072,925.3469421140042,2163.356360328305,872.5429043476812,2388.29759829377,2023-10-08
25,1186.152304251952,1015.7619034935194,1458.7845027728526,889.3355391449885,1845.3819191185278,829.9159801326214,2068.9411709559513,774.390804472121,2341.480346397365,2023-10-15
26,1106.5925154420647,951.4729514834532,1335.8310316450666,811.9936229022406,1672.6374007419981,748.0645820852177,1914.6543366202784,686.8274575719822,2133.326507881254,2023-10-22
27,1100.398916990801,914.774407922489,1347.9150150607104,781.3224428723694,1708.995969897324,700.2257448688385,1936.437061220132,663.427763743522,2139.8455122962187,2023-10-29
28,1026.1001572940609,857.7848614452301,1238.6449575271213,751.625844626584,1552.000535180642,701.646221258307,1853.5546735478563,655.626865574041,2190.7967684112205,2023-11-05
29,998.6134454010296,825.1265120429342,1203.8841557019289,714.6644762155772,1503.795024295807,648.279017282136,1838.7584206035654,606.607732257797,2109.806682976377,2023-11-12
30,938.5929699983744,771.7047112071696,1161.9765439808657,668.2147984340579,1470.4381642603123,610.9632034538987,1694.0696184693188,561.3245103354348,1970.7035156781233,2023-11-19
31,876.8632649710621,707.2575713572257,1100.9557990198653,611.416097224324,1356.5199911698148,569.2519652216793,1543.6166429207503,544.3744659578954,1683.4597102307584,2023-11-26
32,887.061421731998,732.103481123647,1060.552561188119,623.7418005100106,1335.3078580054344,577.9403743578594,1532.1681958761503,536.5421741456186,1730.6215902830704,2023-12-03
33,802.926320851389,670.3817915811926,998.3409008498808,577.6783893837195,1256.602733842437,527.0826853458893,1427.1949398935942,480.09460906339956,1727.8279035789656,2023-12-10
34,680.6916937772093,548.3058119822683,868.3666347314569,447.8506309019735,1085.1400015839633,426.3036195465802,1267.5218641352624,387.8513754369632,1520.4679432718397,2023-12-17
35,538.6549664615774,420.5576008887342,689.1035085558271,354.45663931471137,889.957419714152,325.0030367561251,1064.6954156144448,295.2101790228409,1244.6934863009553,2023-12-24
