,pred,lower_50,upper_50,lower_80,upper_80,lower_90,upper_90,lower_95,upper_95,date
0,491.2898307542764,432.63451187520513,559.7845024832859,385.51219045900945,628.4555934794685,365.2276474408296,672.3024347131162,347.94590333081726,734.311420547041,2023-04-23
1,1156.8569545481005,1006.3777773805214,1368.045108484439,869.4888689992774,1616.3833415347851,802.2070813930477,1798.2878529421807,741.1539046310027,2015.2362941153988,2023-04-30
2,755.7014823347854,663.9359110327605,860.0235117973134,589.391923447662,978.0306789006318,554.3256600246241,1067.2890645996433,533.3877248735131,1164.5079534843003,2023-05-07
3,514.0903247805836,449.1156799326709,581.7173519352909,408.5049960786666,669.6474828318926,371.66416850610403,733.9217947431686,348.2399743102307,807.0664041278585,2023-05-14
4,753.5968510639941,663.3845997990429,868.0669362698536,592.6353734146221,982.443736091984,566.9087531552475,1091.2488418836724,540.0511197157539,1174.93060145184,2023-05-21
5,886.8473487428855,789.6274549785012,1012.3391807219887,706.6951429987209,1142.489673273309,664.5902341244685,1223.2565727635547,634.1461467449801,1305.9492467928762,2023-05-28
6,757.8755428330041,665.5541434071638,881.202677897003,601.6403254452395,990.8948227428308,567.3050614280118,1073.5597016568233,531.7328650860115,1175.486416383006,2023-06-04
7,656.5381132384646,570.5384750705707,770.0503084284428,513.8772992702143,874.1339100102196,484.69556285360596,930.0897595807148,464.3466971318427,986.9400791737745,2023-06-11
8,690.4871408417139,578.1121478564237,826.7141635936548,487.0230920067755,1025.0537010512448,452.8441057889584,1157.2214430949339,438.1540987083332,1480.844613019643,2023-06-18
9,593.7179046368765,491.7292384026996,751.1793135160879,425.36931512503725,953.3498980480741,392.88368303963125,1081.4713090134228,361.30914821257176,1254.691011021297,2023-06-25
10,534.5320415493952,441.1505918244143,696.4871439876006,368.7694792133581,908.2690990080918,346.28263122214156,1096.3380173895955,314.56888718432396,1275.673261313588,2023-07-02
11,511.1878741739765,409.9520545580426,664.6175739178561,331.4828887989905,896.6575254952503,294.8916386290916,1050.6907955626057,263.1862855981532,1357.423078306439,2023-07-09
12,429.5225359278479,350.02109889414714,585.123523804901,285.36070832035057,781.5582172364884,253.45841897330948,998.7246586397016,234.82234109055645,1261.546872942956,2023-07-16
13,328.9565106408466,258.99527254236955,443.1046950825821,217.19740698254998,588.6438052757292,189.26268714086183,711.9038059487604,169.70183030679556,894.3032488987176,2023-07-23
14,367.3462479186128,284.7307553164037,514.2028265842123,235.04980737095428,699.0009661040385,215.8871712401793,910.9959741197645,197.49547929848578,1066.2359534038656,2023-07-30
15,337.5235787188657,254.86132317904412,475.7659777504505,201.62548530509812,625.0999002489731,184.58378251443264,754.8780863655711,165.15134855040057,1000.0413042862062,2023-08-06
16,287.8753996227024,207.64957144288655,433.5004930498162,166.88588517299362,628.3171267649215,142.9370130393736,956.2843896550135,131.08534813315228,1325.8590161123502,2023-08-13
17,289.59967260094345,217.78828284439442,389.46230421122937,172.0988398926558,573.5307628088809,154.12985476378788,708.9779103558357,137.48830568065023,899.630670640123,2023-08-20
18,444.80157670594235,339.10781779144236,629.9802433994578,265.5629089075243,859.4594502262116,231.76054249478912,1094.0671080048078,207.28883740722668,1356.751516514136,2023-08-27
19,418.1386488968319,315.7214776049477,616.8937333110263,238.36314261179578,897.4539395771404,215.4351644524919,1232.150018974993,194.1300641631695,1571.4260372116808,2023-09-03
20,414.9871150719964,286.7252105000898,626.0797994448403,211.38772449508116,915.5807801658492,187.76216444666025,1344.303425867341,169.76367887240104,2279.523299360123,2023-09-10
21,446.4464360245729,324.10066692643886,612.0242269836308,262.32380906890177,860.6004428908827,232.38783475735545,1187.9010841411275,210.6268262616797,1645.2649503387652,2023-09-17
22,370.3962735038258,273.74289264762956,531.2902547284739,225.89455258676352,746.950320885249,206.73419393038677,941.5865741866035,186.2661288570551,1187.7232309556923,2023-09-24
23,214.0702955239849,158.40597121191786,298.5205820564079,125.41538878530655,454.9729308992495,111.44199999280991,597.7425419666478,97.62420002063395,851.7535359337516,2023-10-01
24,305.90968176668366,222.99954145578886,422.8779328225428,172.88995629972598,611.9718626576397,155.93660096576787,794.2401039410317,140.64890412200802,1017.261097574776,2023-10-08
25,351.20546869095415,267.7109738077161,490.1953207734632,210.1669146421469,699.7740799834351,190.06511345187292,866.2838576481349,173.9534665977306,1046.7948241133352,2023-10-15
26,374.0909870314754,287.4671008811531,512.2611737498592,217.89101577374677,700.5508189756532,182.81910657102418,980.2608936645404,165.50422743442786,1277.0578432997788,2023-10-22
27,380.8187132515741,282.04502348400456,517.533110389304,226.62321473053456,715.9316723258434,199.23393234683317,934.2937415705559,178.14845261622676,1158.1142358394195,2023-10-29
28,440.5796025710879,330.40411270587356,601.6223707220088,261.0015414809488,970.8872131919708,237.17945990395054,1293.51052722594,204.86019549353296,1593.9815694807362,2023-11-05
29,409.6463405560198,300.8607844606613,623.4962327971425,236.02831785676972,925.1122019845371,210.36124057834022,1299.5001418990262,190.61936720850355,2039.8297343473232,2023-11-12
30,426.0749835472425,302.7431573419999,642.3354468484636,238.8659164239078,968.5177458406059,218.38984716178967,1311.846105926023,186.7358341674779,1903.798754283538,2023-11-19
31,426.6395217675481,312.22997962134286,617.6130662625719,238.9045437892648,937.8355344069038,210.83239981879305,1223.8242164725857,190.70772847267034,1875.6580252566703,2023-11-26
32,535.9780959231139,376.5841432703811,736.5171188269378,301.4226404930967,1110.8321752242362,269.44121897684727,1364.0524052096691,232.72360618985257,1959.6790558411428,2023-12-03
33,647.2921289219375,485.9298523914913,1007.6390862814105,372.13806985717673,1621.922110479654,320.852571106609,2204.1172840887666,284.15848154903705,3310.5011332258705,2023-12-10
34,574.2230967745782,397.37853385357994,833.5502154742935,317.71584580702296,1297.4991327810642,273.3982394398452,1865.5126565356477,238.912840326908,2379.954779325043,2023-12-17
35,436.22918510760246,318.13356685714916,673.3822448103547,250.05436565125407,998.1097649778997,220.5811938447785,1274.3859086022374,198.36494890742307,1610.2452776717435,2023-12-24
