,pred,lower_50,upper_50,lower_80,upper_80,lower_90,upper_90,lower_95,upper_95,date
0,771.9267856709193,651.6514172074676,936.7594104321615,549.3183544585248,1147.279214287823,514.3760501319193,1282.6442412748697,494.443899704417,1474.8935854096076,2023-04-23
1,598.1953433172312,480.42455926767434,776.713304502453,402.5334553968511,981.2199028483361,359.1846669053775,1136.724388145853,329.98396747953956,1356.3047134810358,2023-04-30
2,1018.9028691984713,807.9404082440888,1324.222435595264,689.4284390626242,1771.3532032637333,616.2837330910377,2027.3239505375664,583.553507697332,2389.839459889004,2023-05-07
3,1259.8454998170055,877.0698413727368,1860.1634358004521,680.9400247409707,2864.2897962724387,582.5615815710204,3662.282899348479,516.9654759899859,4339.410915305817,2023-05-14
4,950.670876174936,665.1815774364077,1353.8757293560775,502.17620846833455,1993.7621874194595,442.72070028872406,2665.7447801347616,381.8405511448003,3434.0249159239456,2023-05-21
5,695.6329903808655,549.2441529844946,914.0708344549348,445.78127373795144,1230.950353791041,403.0367189965735,1481.1260622169648,365.17803027398475,1742.4178887571193,2023-05-28
6,505.4589901472791,420.3554839728531,654.8449735096074,362.43134384418374,829.729942027852,332.13781204782424,983.8165371003498,291.4527422098821,1149.379158751454,2023-06-04
7,424.2327563331928,350.12806258007186,533.217262354563,295.6533766330569,676.835560901434,265.7243130802708,793.8391974055382,246.03109774161712,874.9197029538539,2023-06-11
8,318.22690895886626,264.58013127575396,400.0237544941774,222.61621086132945,489.75331260178353,204.42472318445797,555.144888720236,191.15894050341885,637.2229713090984,2023-06-18
9,228.35398123743653,194.14465569863387,274.04473382524156,164.95926916577156,334.09816190797727,151.06283440268598,389.50072107851696,142.5923921744543,433.7512212764995,2023-06-25
10,223.16090475558303,193.1049020116916,257.92435407455196,168.742875707068,305.8759771071608,156.3584522579753,338.50355859697146,144.8939296096214,380.6800787647167,2023-07-02
11,152.97187090406806,123.49225700759416,190.63441055474323,104.4798675274942,228.43160470460717,97.47638605253887,255.12541265193278,91.32245213371861,297.20892268703534,2023-07-09
12,165.0921100473206,139.31883571841172,200.5559653252858,116.52844816240831,253.75111717153632,102.29332455254625,290.45316139313786,96.65645363278745,313.4157307706562,2023-07-16
13,151.0015995677386,121.10426741634728,182.91332584086922,102.30200987479766,222.74661242826843,94.11074796719477,263.36015644926806,88.12303535087267,290.99426097926363,2023-07-23
14,235.26240637193405,189.73486371415493,290.687471244657,159.16003902415179,392.69784546380987,142.84275796655274,460.64196924728066,127.9593970136386,556.1199082744344,2023-07-30
15,313.50005099660484,250.2182531474391,398.31645041459706,209.0397336991271,524.1767871160541,191.22497787841422,608.5364436095231,170.4265804405615,698.0386851363698,2023-08-06
16,261.8491758622986,215.56017678620992,342.1991979494196,180.40661025182928,449.6934207431419,162.77493042161805,532.8233496604674,147.46312426201766,664.3402509822262,2023-08-13
17,214.70868666093156,172.29188081788016,266.26325987966266,142.39607042316348,332.37540012701794,127.45838979324908,411.57111465766206,118.96132667916227,501.23102553381415,2023-08-20
18,195.4880832050112,156.4314896779979,252.59614005456388,132.9418005825195,314.93844856485373,121.30021297455242,364.94031037351954,109.79662727158612,440.9736597563503,2023-08-27
19,176.49420955085225,143.62684895953862,217.3104152661108,121.46904223189631,276.930010348151,112.52649738721303,318.73098786512264,101.91655289571062,383.62016036080837,2023-09-03
20,148.67116691742558,124.16011107957456,180.9136882507737,108.67950420883717,212.9264163860542,100.50438112870616,249.69893681645334,92.2873798456305,293.82809539453734,2023-09-10
21,187.35654314953717,154.4896844861505,231.9097591546306,134.50709395648738,281.2376845179388,126.25745581882657,330.4470606115355,119.65373443349964,378.12464099220364,2023-09-17
22,195.6344542636507,157.70505906840117,251.0288865499533,135.36098848808032,308.643456545964,125.25477440451796,359.80166193385645,114.13723901928097,418.34269151011966,2023-09-24
23,173.86519735680486,145.95003735656792,228.93472506421676,127.62801416518923,298.6278483139642,115.72367780433414,362.75013171113375,102.600773703674,400.1094691015733,2023-10-01
24,188.95373310445575,157.84258217854222,232.82125474579516,138.475065131468,288.9967263618223,125.10391057349334,329.25351615631354,114.39390426055907,359.6847983170206,2023-10-08
25,248.5311731043621,200.7760170107067,314.9051292223103,165.30135126406094,394.21812947551956,150.644241433093,465.46955976936147,140.35683291633467,538.1319790328616,2023-10-15
26,242.68205605530238,196.42422813631129,310.9633029307879,161.7494433211221,402.06547867617627,144.81070294914463,460.0733806504882,135.46754824259696,578.2671791223969,2023-10-22
27,299.5312060844735,233.86056822925457,390.3787381319853,197.22853913271683,498.80431227238734,176.77678622824897,579.895874146441,161.9024969324615,734.7025256385268,2023-10-29
28,325.1583401895914,252.9894414273076,427.9521204507764,220.58039988806706,529.1081508898556,191.37663344982283,632.1382766990322,173.1369936209885,710.559277273109,2023-11-05
29,357.5471055531525,295.85231573351484,469.92274787584756,247.45441762713745,605.2554999790038,215.6838661024718,746.2200575206425,194.90666052133164,873.2302629483986,2023-11-12
30,381.8678410545399,304.68310109333106,494.91638046110165,243.0657156113419,633.1137267261716,212.6306935485598,799.108210753076,199.39481614329708,903.3633605166423,2023-11-19
31,530.9858189585211,427.4953169476721,690.3711004314246,362.4107307763479,959.7277679470484,318.9179157485472,1069.7699783283633,291.4762690416719,1257.013327491928,2023-11-26
32,521.5635425143992,422.1477014829579,669.4088355040949,355.3789676682325,871.9261680112338,314.02274749306673,1022.9040246777876,296.7819252088302,1283.025577538246,2023-12-03
33,578.3696785321517,457.52880081377225,731.0084347698394,377.0041499116749,950.9184793696389,333.9109639107308,1108.9670172227363,297.0734907465318,1295.131950391092,2023-12-10
34,603.0366638008854,461.29746613708994,780.390351078895,379.62313043064205,1091.966660296175,344.8880024308513,1327.3638545056133,294.8721858164907,1618.433533384275,2023-12-17
35,396.6460881376406,311.3187006566004,541.9461929742683,241.90138657209755,700.6683832906143,221.06331276947748,858.6729112844516,203.62475260807477,987.5155153005093,2023-12-24
