,pred,lower_50,upper_50,lower_80,upper_80,lower_90,upper_90,lower_95,upper_95,date
0,845.2198619418778,775.8671556202462,910.0185553948395,729.8795281838626,983.1115267157555,690.3391698242165,1038.6715577370135,664.8383419153455,1105.1841053538894,2023-04-23
1,874.8325888377149,790.8163292160607,971.3619405444479,723.1286490401951,1071.5847051677642,698.6757010824047,1128.669982290553,674.2901416607259,1169.2174059364595,2023-04-30
2,886.4280280201929,804.9109610050218,984.3777484203747,742.9609215613921,1073.890326435084,721.9062405703124,1167.1612904906854,698.0347888552147,1226.0873588500776,2023-05-07
3,805.9580608595861,741.5514906839235,903.5122769254231,674.1418355660047,1011.8769219673704,655.5239615397702,1068.0756187888733,624.2597406372515,1134.1103501205623,2023-05-14
4,718.2481218493776,641.7538275401457,795.3984590041218,581.7854248018645,889.9578756548814,553.7680056246696,1008.0326782442597,525.2176369284047,1100.7834354304475,2023-05-21
5,605.6034391753783,545.30816711628,693.1214763026219,496.39438982688006,771.1430498243776,463.1916548287205,816.0226924896583,445.4620060389119,881.7507957391265,2023-05-28
6,536.5347406014334,469.680295964994,604.5623432548309,429.65875573554075,686.3815404774577,400.4913150150329,734.5527037376944,378.07631797509094,770.5743771643902,2023-06-04
7,475.14120573044056,420.11251877824543,545.8076761713601,384.9251071520965,617.8495860009687,355.69393835529917,667.9692318536777,338.0386697800219,738.6511792313335,2023-06-11
8,423.8785142084671,371.0614139731333,482.96780853750533,326.7923594603897,552.3116087341216,298.3576560597867,612.3448190959577,288.6144756982088,672.0397412292831,2023-06-18
9,360.1032683550875,316.14362569272635,419.6517883263441,284.9644866366754,483.59693503523016,268.51525498810076,528.213289288181,251.83241916984554,554.3069274587964,2023-06-25
10,342.5073401197733,296.55162370420294,403.26343160002943,259.49206950201915,466.62295940839107,238.16506371847936,517.019391083892,221.29975509626675,580.9878455344223,2023-07-02
11,315.92061432012997,264.83871207610355,371.26999482078827,228.26341621486063,442.89388775523116,211.5348114369117,508.5744774620659,195.82021578574205,554.8301745516447,2023-07-09
12,279.462468592028,236.63487536677712,331.5107723937108,204.20590978816472,398.88842880235177,194.01165534596439,451.45663391564716,181.84521083541767,521.6709218314052,2023-07-16
13,273.11109752053744,227.25580169113528,323.9239019427696,200.28174867806956,394.71410370797093,188.27006867835007,435.1984274049304,173.5829271274866,513.902709144266,2023-07-23
14,269.69879622630833,228.22856061399216,329.6399737537686,194.13050666184864,419.1490044785315,179.61378897796385,463.36208814142117,170.3137524152684,533.8902965208841,2023-07-30
15,259.6211743829408,222.38840742759203,320.18977749059195,185.69501840596496,387.67021623626357,168.74046581980147,422.6996591599672,159.62370765774395,488.9291720244173,2023-08-06
16,248.24782884428714,197.3705024656083,315.12397823705396,169.31326698862685,401.5807743451864,151.51650396101104,453.4667640675972,140.94654094451326,481.61787165155295,2023-08-13
17,230.93503036358743,187.6269787387173,301.25435649479186,159.74351896576846,376.77716772304274,144.40683939351948,438.29486414478083,131.3426157607333,517.1427087264103,2023-08-20
18,221.49475270068797,178.88514260560441,275.0931315002599,154.5292705886066,355.0005370839161,136.957050846142,390.0669438880983,129.96472949066265,425.5267181695322,2023-08-27
19,204.7021741870194,164.98759738669833,263.69181068466105,136.25274330208885,339.25360337706667,122.16729427530208,407.1608314063507,113.74915733642592,462.44784773791264,2023-09-03
20,194.76025621956433,159.3145007512103,248.46339789812737,134.20571100704146,321.32317337882597,118.78732301704004,390.96845739652775,104.60736145843367,506.8666187428645,2023-09-10
21,217.7964862123008,178.58878876115523,276.3201161874638,150.151945169369,370.3535757682741,135.73130608904518,436.83721181889666,128.8583998226146,536.9947246909097,2023-09-17
22,227.6795603341161,187.1482600405434,295.98028193975233,155.78512211630513,393.0868253038237,141.99250485241956,478.12913069531544,126.60187068709202,614.0596557496339,2023-09-24
23,255.34590929532715,196.0762792281239,334.5943885037086,161.80654848868144,444.6160408038779,139.9034964660612,555.4274864798747,120.52319539482123,734.1250876669046,2023-10-01
24,240.45262811359498,195.88845033855068,307.32749312985106,157.9969764943293,402.0449251381158,142.24028297999322,514.5636546181163,133.7638345151401,611.5339580314837,2023-10-08
25,283.02348856230674,226.55497670474415,367.3417666071364,187.89198206615112,482.1217355380824,165.77375783706813,610.576697427623,151.3891693797629,805.8330394545303,2023-10-15
26,320.8177275338385,250.8265065652522,411.73266581491043,204.24394825355122,531.4071845867862,181.13992250974843,653.7901833032478,160.04345339789978,818.4449021776553,2023-10-22
27,350.2328875668318,278.9907147187532,471.2184385202272,220.16513878133557,645.8109604575811,197.34213016742177,818.3346009534987,169.22007614093292,994.5836009120771,2023-10-29
28,381.79056427875184,293.17201147080834,508.97480199947313,241.3264513077622,672.1299142962358,212.79721463423775,848.7647922605761,191.7605101836836,1207.500289659776,2023-11-05
29,467.7593665854729,358.06225089716645,632.3624903956079,291.61739754792364,866.0279312610594,257.41045261543735,1076.2945484249738,234.63701689762894,1334.5686561447794,2023-11-12
30,516.1726937317217,394.2668328366235,715.727689711739,320.99142198815974,981.0951037580556,290.05861001536306,1245.5127823095609,273.16024166149657,1728.9636096413324,2023-11-19
31,689.4996164960253,523.9807516358269,936.4965701536712,423.8501924091426,1351.2485165380397,384.4440201273177,1702.0806168855318,359.23353308925215,2189.737513501095,2023-11-26
32,715.3258487730636,527.714953230141,1070.3889392823621,409.9349473701761,1558.6833931749738,366.372110725697,2017.6351690163171,328.5956360122851,2796.491275630025,2023-12-03
33,767.6786054800614,564.487787953014,1072.0666010813038,445.6496437038339,1589.952410220838,343.18773954063,2230.151167358925,307.8816462900968,2658.4054685127585,2023-12-10
34,629.8682729835709,465.9763514571787,848.7918249794056,358.83319242958976,1198.5863029811223,324.4996235497354,1489.2755644525864,288.5539087394956,1861.612040099541,2023-12-17
35,452.465908235592,347.3434430351899,632.2555830885976,279.90013530555154,920.1980785548749,243.76347338632513,1166.5846535692167,218.13565208942578,1372.5505617405029,2023-12-24
