,pred,lower_50,upper_50,lower_80,upper_80,lower_90,upper_90,lower_95,upper_95,date
0,74.19531530106906,57.01555129933695,96.82553106317937,45.69106354791438,128.2504385399603,41.12442688044321,150.14010313469177,36.85751022909972,170.54298522649455,2023-04-23
1,90.45762182848557,67.27037906498663,125.11066997336457,52.01410407098302,182.42379251469978,45.959258581363244,257.71044777057244,40.45313259723844,311.81730329366974,2023-04-30
2,109.08874622997246,84.2943494085921,153.703827603822,63.71467097454006,216.06508156767524,54.772398262086064,293.1026490223929,50.33158994270052,391.4849000132131,2023-05-07
3,89.47324678380392,72.51284930325346,116.81625985173741,60.45608950792812,149.53987370370888,54.2492678823357,170.52476139967908,48.66028892393224,223.56691898144774,2023-05-14
4,104.79528521471366,76.51476407957671,152.31793263350846,59.31675234597351,223.5672409351304,49.06575398061759,291.4024549872692,44.5983706341387,365.0997188442793,2023-05-21
5,86.98355016380083,65.36750872006087,121.1284597947888,53.11606365761837,161.11515903146937,45.58314800273511,199.79006368431143,41.5553176148831,253.062234693798,2023-05-28
6,63.82661122753052,51.377610034207464,92.10554206221423,42.19640413557063,117.75707893988584,37.43528060460085,137.45625947171496,33.198351489682686,182.85996505534277,2023-06-04
7,62.148532984618214,45.74121518737229,85.56379231715619,35.05122783164116,122.73626957243833,31.27344123040093,165.11287324193833,27.499890246260566,204.1106903138205,2023-06-11
8,44.97116140558501,36.4394963975501,55.03933639438765,30.557282526756172,72.6479755808483,27.113129266505712,83.97845783245282,24.963173733383883,94.55466792120859,2023-06-18
9,48.295191642668215,38.252885918431275,64.33441695822694,32.13040407282533,84.15658185580982,28.81228961730667,106.16119151665477,24.874603522051622,133.6743610868405,2023-06-25
10,35.81002926841029,29.378362025352544,44.38444509333931,24.41519332890457,54.69287066871766,22.319735961680998,66.36511796241973,20.698163998407473,78.30975075894963,2023-07-02
11,22.34744562715059,18.27450662451156,27.732924681069562,15.51032207038952,35.52282120612799,13.73991900641704,41.49865090548992,12.574981764075346,46.63482060065578,2023-07-09
12,19.672338276694063,16.74848509421281,23.81187029283319,14.270097056258237,28.495140636654106,12.872832389512041,33.11788100031552,11.97389988648356,38.63072664875507,2023-07-16
13,17.957553117506905,14.591086942378752,22.525829760688794,12.37930683089653,28.92417108275404,11.004718520583992,32.852941603059286,10.39054497941397,36.515751203741814,2023-07-23
14,25.746289150585653,19.542359543412203,33.56092416268439,16.423662301099466,45.27617430259853,14.691079113104207,53.6893320172574,13.277828546823002,67.53184344029752,2023-07-30
15,19.95409042814572,15.375509741195856,27.498764187699635,12.886795183242066,36.74796353170678,11.824525819568226,45.66496453336288,10.670024013227884,54.46541706567368,2023-08-06
16,11.43009368510684,9.475381426491367,14.244695404806407,8.018953013193094,17.82697754081892,7.2350249850882395,20.62877587883813,6.676056958469053,22.308940410647466,2023-08-13
17,11.51252083388681,9.2968337936436,14.75839300788357,7.963630101649324,19.046860022986223,7.189921139010403,22.347022070682943,6.61349399629471,26.060180520941483,2023-08-20
18,14.205913315992802,10.950080247021106,18.309287053392836,9.092783100959059,24.48983226599521,8.214003236564896,29.47838523415848,7.482361454786769,33.05967284540055,2023-08-27
19,18.30200659442926,13.668236655046712,26.573020551275476,10.527048732115508,36.106438517402424,9.049404640408012,46.55025080363326,8.286122249554955,64.29641240622615,2023-09-03
20,12.341058478603372,9.387299847026952,16.626098200751585,7.913121060576532,22.619681535034037,7.040493901008267,25.719955584475965,6.545811072728611,31.888751886551464,2023-09-10
21,16.34971761998895,12.61161499759919,21.55482190780367,9.963561307566488,28.426093405478788,8.92651766825511,35.55037801682191,7.904134475789033,45.29867595134882,2023-09-17
22,26.253092803719483,20.777268616537185,34.70972003582574,17.71745596572728,45.65687718445553,15.160671501664002,58.72393981832647,13.889672579879152,67.92844749635982,2023-09-24
23,11.867572387439395,9.380751708544267,16.03307511479943,7.794178840357927,21.16501777677477,6.988141917304893,26.30345335570089,6.461777967568469,29.72502878369887,2023-10-01
24,24.23737085155608,17.211096418070156,32.43223204157948,13.74190995016761,47.104008946667456,11.825157442247292,63.96755325270059,10.112188555418015,81.3780433776776,2023-10-08
25,20.23305857023115,15.867810145884505,27.136121774074127,12.91076934060693,36.06626164059635,11.065035180243285,43.349409471689434,9.849602708452494,59.18752069660797,2023-10-15
26,17.8533543523954,14.329220472216548,23.668698693185434,11.355481397011317,33.84118532693702,10.535364462628786,40.08899234727868,9.463005766581682,49.28942433290885,2023-10-22
27,26.72334807416155,19.919502730380373,36.794814418060696,16.312739058658916,51.01202223166838,14.446196557832446,64.5077889373955,12.814912735081815,75.2629912266722,2023-10-29
28,36.41866362612927,28.09189686562604,49.55801021444131,22.80176284218542,65.655702239908,20.850008413562318,83.09980169282493,19.45659902421612,114.25482580898947,2023-11-05
29,61.959875826956704,49.37947878572231,78.78510382361128,40.58928862884059,101.41064600897376,36.12970237751142,121.69702480399852,33.54051571125747,156.20929759791608,2023-11-12
30,28.419200034360983,22.355035962507827,36.46451417567732,18.5130384168966,48.406033523878435,15.745412711115204,57.091554336594704,14.314511550284806,68.56049168585922,2023-11-19
31,41.817914720842964,31.220167252311512,55.951453299090645,25.56728320198381,77.3865287010369,22.825615813657713,99.77854869848886,19.99031700866872,134.69111419868923,2023-11-26
32,32.735451078173355,26.20416444939474,44.4862223265809,21.78271636759455,59.91971071352746,20.11460032081959,72.1956373196961,18.075340581579077,84.05020481289498,2023-12-03
33,37.09981312634409,28.98826703524901,49.03715678423214,24.140473086643034,64.06458007165348,21.855139049013086,75.84356765103148,19.87302399309774,90.89796096678464,2023-12-10
34,42.160893086271244,33.274374368156714,59.263588077767054,25.136582932768942,80.32056311236812,21.314697386662374,104.97666707762393,18.879196712114208,136.10361906177124,2023-12-17
35,36.00448253589275,27.790112060916726,50.278197155533235,22.15769409818349,70.00474086071628,20.41738012586429,86.38723572998384,19.00996761010265,108.26862885095973,2023-12-24
