,pred,lower_50,upper_50,lower_80,upper_80,lower_90,upper_90,lower_95,upper_95,date
0,1621.896653131671,1459.378534321073,1861.3410283073802,1353.3952594667492,2134.2807189074592,1302.753589494949,2365.1039578316418,1243.0015626501674,2605.1222190789704,2023-04-23
1,1563.744544665762,1378.7436902350382,1841.0921823047975,1241.2128506072631,2113.701158780244,1162.617759270447,2463.667833607413,1113.0976742584257,2746.0464048792437,2023-04-30
2,1494.5126421013447,1327.9189874072163,1739.350930880999,1186.0600381559198,2074.603461727507,1105.0579023415382,2505.701402313262,1044.2526733010534,2761.0735196708824,2023-05-07
3,1411.3010778922617,1223.2888793674429,1691.295331965881,1054.9194047644896,2099.818072053779,979.8294992393639,2434.0400458164972,923.2405232960657,3139.879798694931,2023-05-14
4,1278.4011144654287,1079.3656453648691,1637.0321597289294,946.6588731364012,2043.3745605636987,841.6328359643296,2358.0681444656975,807.9519929566043,2656.501088488457,2023-05-21
5,1066.4428514075698,874.4439009617781,1368.4067344101659,754.2119077084659,1800.0659507382984,699.4951845695817,2083.2721758914176,660.4125131787481,2547.612991910513,2023-05-28
6,888.0567771312199,732.8125453313637,1119.4835304126746,607.5354351773,1558.2230708424734,555.2488185326213,1900.8919400032808,529.1203656162685,2448.088877761641,2023-06-04
7,819.0399277329707,628.8099916499268,1119.528667654542,498.4168154793588,1581.3160028199886,457.97207835316584,2236.501459201333,429.1776301102245,4049.9356133060046,2023-06-11
8,606.9926949496348,459.73147276119016,870.0817802250331,381.68367522178124,1231.0678683757346,351.857880760926,1778.4750011473616,334.4363423072322,2233.7616885731527,2023-06-18
9,506.7407337455634,397.4845914097041,702.6900317012978,328.77039137902,1042.472749883561,299.0667746422667,1401.0869735595338,273.17881464558195,1755.7687872298309,2023-06-25
10,450.83258847657453,337.71449987332926,665.7160795019295,275.1931831747001,1044.8297012830358,239.00421614111033,1555.5646325825564,219.7638313722429,2676.0984391337947,2023-07-02
11,383.1118347609611,275.1958724480447,563.6887956477374,221.07129018922024,871.4322080875829,202.53590539776397,1225.899876676783,180.11204684351281,2215.617938196372,2023-07-09
12,351.58522422350916,259.4323266816582,509.5723106635943,198.28141010145885,803.8435692185061,169.76263687874274,1102.1253012807063,151.86663185797835,1576.3053562945086,2023-07-16
13,303.40120061471237,213.65047538922772,447.8778564651175,164.84350563530987,711.1885539807965,138.8158621422474,1020.3185076868575,119.12435807272277,1714.9719855025908,2023-07-23
14,266.88701516507444,189.69254197468786,402.6231650928182,153.39447134682675,637.5160025172737,125.090908395618,953.8948510524532,116.414147425547,1287.7942325935323,2023-07-30
15,245.9708378766909,177.3615275932866,366.32380317940806,131.6750378149296,579.7295907362934,115.54608487900043,772.6014548863088,105.21677587616159,1057.1285515721606,2023-08-06
16,214.75538106410784,151.11991791176092,343.7316217294349,116.68150798988869,588.8140356491742,96.17416825053844,907.8335372471322,86.83417404814799,1657.4294837408197,2023-08-13
17,250.52228498055683,175.37891030794054,410.31648765374666,127.16719876111257,681.6132317756663,106.98767030677072,1002.4399567650634,96.47650267671501,1277.9777766379966,2023-08-20
18,214.50450416286503,149.19395103616444,342.98880352544984,109.66948564296736,551.2730792533251,94.20820607568925,851.4107741679707,80.33828083043768,1118.7310316010357,2023-08-27
19,225.16174380285133,155.29444983327198,402.14381191766256,112.70163060246487,699.1449444086752,95.04990941237803,1158.3355911513693,78.0988987184944,1813.9924093694133,2023-09-03
20,249.39470940749527,144.90866644900274,453.26530407536603,106.3710156134576,859.1288630954463,94.1912260551799,1623.1296109882633,77.91631725780218,2363.766534384389,2023-09-10
21,256.0454910877779,166.65728080281684,421.65815833684746,118.14423805030228,784.3315289340735,103.45082024289113,1129.4137962956877,97.24787538471742,1630.3222585472872,2023-09-17
22,232.89293176787942,159.44375855102044,364.08479524991765,126.83994338340179,683.2833649247788,105.91517660582791,1090.3047197827286,94.09360788078206,1505.903154425347,2023-09-24
23,183.48925742549432,126.91016166134659,301.4888884732884,94.84424810022328,511.20642181554183,80.08310887513544,869.4742052214576,69.43693644815812,1214.35005963903,2023-10-01
24,243.80009622620298,175.2699729590164,375.0525129306375,130.69051718746204,583.9799537995988,115.47730852679811,815.0256052284641,106.01025004614135,1160.739105319017,2023-10-08
25,306.98034788973587,208.05400771887048,467.5318515171971,158.5497909928018,797.5846139100744,140.36087695084916,1052.5434890737179,120.22333643126248,1572.9893503034702,2023-10-15
26,245.09394122850472,174.29529112508703,388.22931126720334,130.26958399773832,627.0641086283234,111.49828460868994,953.9781654382954,92.0290352569694,1429.3403770909285,2023-10-22
27,231.7451812297362,154.2450117112794,373.2545757297587,116.22560604369497,669.9062605775057,101.89972033543482,925.0053368096369,88.91691114669737,1371.7635624209338,2023-10-29
28,300.9510059527506,187.4773076771379,481.875298255022,128.12842710786217,915.6671712770624,111.8266113993166,1422.9709542371045,99.77294190232324,2064.315991690066,2023-11-05
29,321.2015220018484,197.42653418625312,563.7911310223571,143.0520172051168,1393.1672216824911,122.85109563092999,2844.713837489659,104.12300022731952,4856.269691874923,2023-11-12
30,416.86818972840774,255.28241379914766,739.9537959833103,176.39911792622266,1333.2773527864051,142.55707941498477,2042.891401859927,122.42822622998946,3095.4489992962526,2023-11-19
31,340.4665472934822,212.89208859049842,609.6301738339085,151.78356152439594,1299.3459105274299,117.77656511438776,1897.1318979434516,99.90546620315745,2938.461529268551,2023-11-26
32,476.7803857800445,290.2515599093026,888.8306892616331,202.15858513886397,1809.7531305121606,166.40765794970253,2920.628212453737,138.63063639710842,4415.905755903951,2023-12-03
33,641.093889303243,367.226650773746,1136.1062837129045,247.58517580603947,2399.526297160752,215.23477337517724,4143.101619482513,193.5734950327515,5892.718859060986,2023-12-10
34,668.7915486725406,396.30574911650956,1323.6111606784057,255.90174661547292,2809.409724870513,205.6174858874972,4319.640240978055,185.0829013835905,7040.4940765037545,2023-12-17
35,718.3766888367579,382.0691615250535,1455.2120237118074,267.1850308186529,3718.234517620235,221.95026656956654,8238.312558188392,181.6063817587276,16330.099041106356,2023-12-24
