,pred,lower_50,upper_50,lower_80,upper_80,lower_90,upper_90,lower_95,upper_95,date
0,9640.071377351065,9040.784513793886,10334.077070028754,8450.053216728289,11244.944640487713,8211.59816264822,11640.003572063424,8033.677345593716,12059.502004613425,2023-04-23
1,10006.718937847065,9180.540756182978,10826.267244415358,8541.865529323835,11601.47928533908,8300.492267221305,12367.444423738214,8046.475944413489,12729.116741999025,2023-04-30
2,9899.42945339391,9009.82007702731,10762.91524573823,8436.117147768988,11748.371783618397,8131.701556885149,12276.544956457801,7870.682727001916,12595.932062807224,2023-05-07
3,9233.277255116845,8418.444086979289,10179.297648821375,7812.724407696934,11172.88636131799,7431.6543861538985,11890.476228920648,7074.8891207451,12781.214263143682,2023-05-14
4,7852.781148186303,7090.110823553521,8981.287555915362,6415.341322449851,10380.384649002459,5969.506985955615,11321.608331085368,5599.700847130798,12217.624027816439,2023-05-21
5,6847.663260680856,6077.24720878285,7864.168015181669,5440.75540901064,9064.479558140132,4983.843588318408,10013.934550503858,4763.425153279083,10802.154755548661,2023-05-28
6,5643.214724935999,4920.405449927668,6563.343155276874,4458.674734185403,7710.336051086802,4127.0337516331465,8432.355061161541,3819.1657857429354,9035.37614063432,2023-06-04
7,4890.261262857821,4240.3222686336085,5633.202388594742,3804.1886873011945,6376.405660649855,3591.399880135944,6980.387121709842,3379.807823343121,7423.39297001709,2023-06-11
8,4209.92723278515,3657.021428046224,4881.5237970277085,3290.9024226743727,5928.709207881638,3092.0022943766553,6721.036498267122,2913.5879211460006,7117.201052423007,2023-06-18
9,3325.225135688088,2876.8469748158823,3935.8114969218586,2516.0915447296693,4568.434918609186,2384.807433231198,5033.114469722165,2259.3812334381482,5690.938262543903,2023-06-25
10,2588.386322667706,2244.8167961774743,3100.3496638290235,1981.1596126436257,3801.121480170824,1850.7506707654743,4277.5115301956075,1767.0032725766127,4722.39195260064,2023-07-02
11,2234.685354196132,1885.2103697167622,2666.0742483813374,1611.078897224518,3237.529756740295,1507.8412297929754,3619.0095486757505,1430.3218796995004,4064.0926030541364,2023-07-09
12,1810.9375994231377,1534.9337846184499,2230.1172379230266,1331.486666777567,2701.897910859634,1253.4100792081358,3035.82741559213,1164.2840418716455,3304.352816752817,2023-07-16
13,1561.3728378209926,1305.2286385499174,1918.3926193712832,1117.1808808268688,2427.2926788729533,1021.2031372052269,2801.598430792207,943.8266639638355,3042.82022011076,2023-07-23
14,1335.820186161669,1130.3479013483156,1641.0563838726885,970.0596627850551,2068.18299190416,905.82534552734,2345.493644434189,827.4562268560433,2571.9563304140547,2023-07-30
15,1145.5439210059412,948.517607434158,1401.8273130800808,792.287036768935,1730.0924159069548,721.2123313727527,1941.1811669057188,655.6267945276595,2261.2797321258245,2023-08-06
16,1082.980486522487,875.4843321736553,1360.860514213542,767.8721675328212,1650.0230883864776,704.6319997291255,1898.52751208362,646.1915068998118,2065.8236159303824,2023-08-13
17,1100.109525982698,896.5502811139086,1400.4548694557016,749.9063245079378,1710.6123993060671,674.076155589566,1945.5309158820075,628.1926597138511,2242.409596433335,2023-08-20
18,990.4334643787006,807.4181819866571,1280.5255474674705,666.0159299388121,1609.9402179822675,595.5433026354352,1945.2822806068255,540.7110192778716,2365.8389419709397,2023-08-27
19,927.4483374204283,734.324644512024,1205.9127991349742,603.3385862521566,1523.066234874398,546.7657769912709,1873.9731501150409,516.2134808862786,2209.325904422038,2023-09-03
20,983.0090311098975,783.7588105301111,1250.6868262941425,648.7261116788359,1553.5137178025557,589.3592598501564,1841.967347470019,547.4030713102169,2122.39589689571,2023-09-10
21,948.7638808463234,768.9844747366151,1239.6951984478073,635.8106879753934,1602.572396565881,579.4389072368039,2049.3042171943234,526.5146801463867,2594.2308348012893,2023-09-17
22,927.3017090612848,732.9681638052643,1208.1312518650084,619.4133909225231,1566.6601965502316,573.4125642940242,1777.6067092453304,532.3923817997871,2098.061157768192,2023-09-24
23,991.297951167202,752.6004308256379,1339.3123484825992,633.167302018602,1765.5949337123602,558.2651588649169,2029.8435848346248,482.9420490365395,2477.426181331508,2023-10-01
24,956.331050498673,754.3309807246551,1212.8433795782676,630.1324788574013,1586.7038535482716,552.9674783856522,1834.5653049194946,503.33011492566527,2154.17272972029,2023-10-08
25,1063.8149853396826,817.122518650307,1455.7352678017705,658.1986976846587,1913.9412495149156,592.6816543852722,2454.250836460964,538.6443493389008,3052.429358730728,2023-10-15
26,1064.4901842087274,822.8282164371049,1419.102108396124,684.7747551642068,2006.7059739312226,613.7066750636808,2502.7195271908954,554.7254305960639,2946.9034574581096,2023-10-22
27,1187.9926012445576,892.9707657836698,1517.367382079089,732.2452949617073,1999.9586513086747,641.6196954283893,2497.210362954261,605.2011154597021,3195.1691412691694,2023-10-29
28,1319.1973031951347,1038.1595194109032,1775.7731249339777,861.5077312881855,2445.3796184300622,792.9682815334905,3140.9977827367666,681.4998661018939,3637.0326553086675,2023-11-05
29,1546.8974088596879,1209.663299463864,2085.155116095906,1011.9920314715827,2741.5721351361485,897.36285699785,3163.9140250219234,828.8731094326483,4022.044178659577,2023-11-12
30,1619.9042100367224,1272.1217705485979,2088.2629353644734,982.6442568631785,2787.6207022364774,873.3341460773372,3539.938090603717,786.4670725191506,4111.097987003024,2023-11-19
31,1914.0365420738817,1465.8455443198254,2537.431100840462,1203.9067626799922,3397.4183832129056,1032.8664752632146,4169.774957292819,942.0374912322441,5595.0405588997,2023-11-26
32,2108.5392243760143,1745.0603319280708,2742.0563483137084,1412.448034674168,3626.121508599122,1280.891010738485,4652.452785852196,1209.212110532193,5917.867873351117,2023-12-03
33,2149.2366458027973,1691.681391816077,2847.3609862329904,1387.1082352760714,3995.005924178736,1181.481380676254,4978.5879533086945,1111.7835933320862,5623.7384120529705,2023-12-10
34,1858.531665440969,1443.6784846334922,2463.5326762902387,1165.2258683844818,3498.8108698173082,1044.606068588316,4728.543411899131,967.1456292644858,5726.199022258691,2023-12-17
35,1485.6901230975382,1151.4450315736176,1974.9683514562785,958.4848551966832,2676.717008370941,834.1492430849554,3139.481051176009,770.1934066098544,3525.966105896391,2023-12-24
