,pred,lower_50,upper_50,lower_80,upper_80,lower_90,upper_90,lower_95,upper_95,date
0,116.92672207718715,96.46096698113251,142.15288353455253,81.84759907636325,171.35050119154621,75.50515493615531,201.4365917027694,71.77856469113613,251.72275543503923,2023-04-23
1,121.42234491370618,99.4144802003284,153.1520188311697,83.43293121086899,195.66589336888867,76.54265175068285,225.1938805475772,71.25642063631093,266.75146172933745,2023-04-30
2,121.4953316844767,103.13759294978809,144.8561337236315,89.63677053260618,173.7886214401573,82.86843542838469,194.40733138542853,77.6131775533082,212.83669754432037,2023-05-07
3,115.04029877483845,101.82411911292002,137.6088131298311,92.14511657143012,162.74784576152453,86.23302908926271,181.42962667513635,82.02901505362243,198.3825126575073,2023-05-14
4,91.7440508918371,75.50623094080947,112.5960748323705,66.14413485610858,136.160111753596,62.215750310593286,156.24087461635932,59.09269878448104,175.25528492291923,2023-05-21
5,73.18567107443232,61.18352604439133,89.77879845595453,52.659010644583034,109.61688707891155,47.827221209835265,133.0741230587475,44.026985157604216,149.72357050290148,2023-05-28
6,56.66323722922243,47.3878423148999,68.3977495679137,41.472497044666675,88.19506797130452,38.78827076699527,103.99481182713053,36.72476125871763,117.67974060512203,2023-06-04
7,40.055837414605776,31.71659023130269,51.50417183795071,26.47814466179116,66.3462608295784,23.395255907704996,80.62267762286938,21.898573078517803,95.78022305945629,2023-06-11
8,45.63562616681338,34.6565030999991,60.28440190857509,27.951015300152356,80.4652977529855,26.050045184610646,99.3470536988061,23.802322171190465,117.67339787563829,2023-06-18
9,67.03213826590218,47.37442808562082,94.80628336764494,37.397436673918854,138.66245047087432,33.31214903540895,196.8255529417958,31.125406565908634,297.2620370174303,2023-06-25
10,48.19109358554124,37.74223329289816,66.88767315132645,31.722236348260775,92.80122949562505,27.83557738893869,130.80801991752523,25.260886309175113,187.216400403851,2023-07-02
11,32.06431223425898,24.42279608217359,41.32207241869037,20.486274731496813,54.70440086846939,18.23017390974128,69.08384441632438,16.851353940341504,78.60389290509917,2023-07-09
12,33.38691148847283,25.712284146937236,45.45373828357151,20.634319517578117,64.997443358021,18.633289603685263,78.23331098609884,16.009332391764566,102.79544182581206,2023-07-16
13,27.36622812479618,21.492510978274368,39.81084030654347,16.937163656744815,61.15527730528848,15.132254426606778,83.14510601893342,13.793554706719078,107.5229814416602,2023-07-23
14,22.904289340862306,17.091919038896776,29.869183847866225,13.728837038860366,43.32574917933817,12.197084035768786,53.27739254690676,11.594392585654715,65.5635151385537,2023-07-30
15,20.69905603870575,16.05541222314787,28.548565755329037,12.992516077021719,38.14652170655901,10.774198050249106,50.12709116214974,9.94550301238487,65.03637412320204,2023-08-06
16,15.751372884213197,12.265249512197443,21.75438919980479,9.56245410269039,31.62785007119711,8.465628537737757,41.11507035013197,7.413134203820914,59.59268465222217,2023-08-13
17,19.01154935573868,14.801075167655654,26.7034573586061,12.110454650688917,35.80271350576732,10.334066813912433,46.06241429801502,9.758208277822996,59.920661689865604,2023-08-20
18,26.502653756324435,20.109652190974884,36.4951757500894,16.36963278591229,50.21590791648124,14.712306142753368,69.0234087543605,13.297690672834506,112.41955082013399,2023-08-27
19,27.63185958388931,20.93039714065526,36.35834699149564,16.994715433564124,47.10453714573814,15.361060955400172,57.017443854216204,13.746164770926953,68.24774146811467,2023-09-03
20,18.28018969258119,13.35813144361964,26.487701609097712,10.985965931376269,40.4230270077722,9.604063368630795,62.076026869211994,8.46644311492273,89.0708718556711,2023-09-10
21,25.910968570526165,20.223288378409052,33.51016664512281,16.77290965693974,44.909327723014584,14.754920383315767,53.14620022126509,13.178622054971493,62.44899799028933,2023-09-17
22,20.331335097513147,15.254295581842598,28.26748329825932,12.620195820627577,39.749963544134516,11.120044254133244,51.41069215317794,9.944257111521438,67.5051818474785,2023-09-24
23,13.165245065523777,9.800688262104813,18.2174147658734,8.215290018742236,24.381688447824494,7.483973762494861,31.369853545552854,6.948780845393958,41.30694037625104,2023-10-01
24,28.702597346466064,21.09200908697494,39.98241982960462,16.86853993683035,57.375475510598356,14.860771291355741,78.2728023870409,13.486496499009082,113.97015697043878,2023-10-08
25,48.166495856399706,34.93967585942028,66.87236621122429,26.301454207666392,103.3018950518527,22.94205066338036,143.93473088629614,21.330373459923067,178.87390921760766,2023-10-15
26,30.801812393179716,23.622381320528802,41.522659196853056,17.759381036949343,60.74437414402057,16.118312700094247,78.80415146375307,13.623543906145414,97.2102478680186,2023-10-22
27,33.499324776945286,25.98259405400313,47.36267202234012,21.086933323234554,65.94497857677926,18.55243043745977,88.9204185711268,17.03166005944586,113.75751338328764,2023-10-29
28,42.2542221275653,31.27964381885613,60.96665754058267,24.80701012048521,89.74231551801788,22.355728493453352,118.33573833291446,20.300676677687445,148.97530430349107,2023-11-05
29,39.87870218971511,31.294490044190752,49.853255771598924,25.77497398993728,64.59163504370372,21.932930534664774,80.0036278414365,19.5668509158284,97.24262153505913,2023-11-12
30,39.9954957964801,31.608957050211757,55.03192685159593,25.00776253232616,74.80840784772302,21.437151505854853,95.93781266879517,19.66949749262858,129.33047835615932,2023-11-19
31,40.64276520401472,30.97035253870854,54.44356812158367,25.360436212201602,75.00886391586974,22.83709281544725,85.14819079929217,21.303615107320365,106.61197209653648,2023-11-26
32,42.89127659098449,32.88194209032372,56.13237596464751,27.1042986422166,77.77552285632119,24.943398313784563,98.05617908734565,23.544745014775252,121.53197238008941,2023-12-03
33,33.56175007186539,26.075656956869352,44.818719177128514,21.1898181085533,66.76789604915248,19.525404556015566,87.83754706573951,17.577991991169622,127.62214211823205,2023-12-10
34,34.46525392329204,27.758193938527256,45.09665908681927,23.508080966956914,58.95340659558715,21.488961316693167,69.10266786429274,19.387950156263106,82.58050107785672,2023-12-17
35,36.15644649474416,30.45422279347258,45.83454776182771,27.073122107342353,55.47591308892007,24.809245576168177,65.68760122304083,22.864990928716725,76.41805683456766,2023-12-24
