,pred,lower_50,upper_50,lower_80,upper_80,lower_90,upper_90,lower_95,upper_95,date
0,61.93072679871693,54.409906615968794,73.15745460439939,47.37242605118081,83.68397751580926,44.57102406567428,92.62380643321663,42.67125821186928,100.7223426237644,2023-04-23
1,67.57104116072878,58.87863935576752,78.4798660526285,52.90660786544904,93.35024142353795,49.479525177017784,103.46392430979758,46.77602954317117,112.7055854503531,2023-04-30
2,88.2844126590062,77.58871803060174,102.2955198995769,69.68894835547545,119.54373670280911,63.16199651984498,128.88865719872987,59.576741632889025,153.6577844448969,2023-05-07
3,84.66667815623805,74.11783778853714,99.0873681998346,65.09209759412333,117.42479839948938,61.44011754938401,128.45215588947755,58.87950001914287,138.1768537148484,2023-05-14
4,74.18464143504389,66.11849160527345,86.15949791739695,59.20688495459035,101.84019915591925,56.272860789275725,111.20233067662917,54.74947207465302,124.02810293594374,2023-05-21
5,70.7353991890559,58.87850260734558,84.03005743495305,50.42553512407467,101.84077551945812,47.20213222289458,118.94693630053078,44.19588850154541,132.85329592340855,2023-05-28
6,48.28996038448531,41.13691657062736,57.142285120819,35.853264065482655,67.78001133413053,33.73466216262896,75.6027362374123,31.63563886816264,82.94009474744666,2023-06-04
7,48.13942895596847,41.08803675536183,58.445814360515215,36.11734242544044,73.6365562656429,32.50079380745301,81.09214580032275,30.97084214357892,88.32283787344932,2023-06-11
8,36.91502821829636,30.282761859474704,46.582794668269344,26.54325289060362,58.00999049185777,24.48163600084954,67.23255776846777,22.838266204489628,79.69788709822458,2023-06-18
9,52.012369474599836,42.637166449800134,67.70406058616936,35.7898789546598,84.49537376818482,32.576246405165875,107.40779104798565,30.398711200701293,126.76459377472345,2023-06-25
10,36.16353642693139,29.34805201321433,43.21968962272513,25.21345612962032,57.673064626730046,22.96146120072808,63.89194945560301,21.67985028460389,73.07569274782144,2023-07-02
11,29.068110504973447,25.327275757619645,34.31752875843085,22.21211300530704,41.16424791092286,20.555765516246904,47.029251699597786,19.331041429628385,52.99016200434998,2023-07-09
12,24.166344161028974,19.892724431454553,29.766675117891282,16.762788972607815,36.79634731947444,15.35576208763814,41.553885550954135,14.277061774125468,47.32833628666703,2023-07-16
13,27.780242281325627,22.33037538228382,34.03787085211661,18.75098214839818,41.79174499496003,16.99029381024302,49.380696151719896,15.932391659831046,52.23332781410717,2023-07-23
14,33.29380804452376,26.21342754350553,45.55499344730924,22.080214239779163,63.56883461982362,19.956745795108144,77.61568595603521,18.49837135277776,97.20615288529795,2023-07-30
15,28.52039788494585,23.135658124519978,34.62332325751049,19.44444811644498,43.65875554904342,17.715915513725484,47.77879948873667,16.381918534195574,53.2451483079261,2023-08-06
16,17.62648343446199,14.609347626319504,22.038253052844084,12.615789358509938,26.924500410025942,11.581449347127636,33.55062779719592,10.597489167966705,39.43775286824019,2023-08-13
17,24.12755645212019,19.84300515060022,30.041990006393462,16.962538586964367,38.76325494799531,15.681231979266887,45.01492058973523,14.508162229260051,51.7893447320442,2023-08-20
18,24.95675482021761,20.904427738365484,30.848691298248013,17.930729997716846,37.411257895978636,16.44955252677901,47.20237809542449,15.561334769937094,58.32166732734839,2023-08-27
19,18.925686641712673,15.868021741727716,23.382626119753695,13.343479629902868,29.245937761687678,11.81728942852933,37.39454100416914,11.158172563074913,45.11530411347774,2023-09-03
20,20.718785875680624,17.22122736575693,25.865505829788162,14.833810860739323,33.70726601693314,12.802047646816936,39.06043771822583,12.182919415424113,45.39798884438496,2023-09-10
21,27.975414773391094,23.90069795609452,32.83243273216067,20.773147235484792,38.53255350689288,19.45787848990876,42.69063931753044,18.08861109908903,47.35990626903074,2023-09-17
22,20.65804134303471,17.029563279807917,25.94996587053174,14.715917834837455,31.52174948717584,13.382454348908505,36.40069221530573,12.747379998408723,42.399017908066156,2023-09-24
23,16.188723766361363,13.464382097983616,19.9091203121352,11.511253073564149,25.382748667959824,10.619586783612613,29.34110489319427,9.967034192902792,33.40577505383407,2023-10-01
24,30.78928677146905,24.94614749599714,38.313257584464736,20.82016847730265,49.99026414644904,18.646439478429965,58.87343568474752,17.18863454604143,76.23291296068636,2023-10-08
25,27.465980426350143,22.30170185735915,33.36682453694084,18.917709674255455,41.54204332066584,17.49669998777681,46.05335931334993,16.34981543784961,49.25573422140732,2023-10-15
26,24.251710312630166,20.380847069987794,29.41443538152089,17.320883667015003,34.749959229805974,16.069280823058218,38.361939228977995,14.8217960146103,44.08969164271979,2023-10-22
27,23.886489441960293,19.022680592126562,29.466853191217524,16.012983197899302,37.424485057429415,14.163608946514433,43.40251048284698,13.202454546195804,47.68245135475881,2023-10-29
28,27.45874562798417,22.334534011344658,34.580988856672775,19.020161654031835,43.33321139563341,17.544646119629032,49.50269113776733,16.53180789738108,57.46764499318666,2023-11-05
29,23.473684977623634,19.807179258874385,28.20589090420981,17.672019479598383,33.28737196030561,16.520342585199977,37.41844457026455,15.554225229017902,41.36975867414148,2023-11-12
30,36.103538611205295,30.893622645526193,42.11014097684529,27.388460517162457,49.05523080832791,25.639708423241974,54.83084753182484,23.43955054896069,60.87152699030696,2023-11-19
31,28.203006493335124,23.722650899522705,34.835048182656465,20.57851307274541,43.05922191103455,18.95396547577111,47.08592692758246,17.87713462354004,53.42194766084717,2023-11-26
32,24.243717064673547,20.530153315572534,30.935996264364803,17.520863908703905,38.74998627459863,16.232483546977164,44.03439522219702,14.876947242213646,49.95848421634287,2023-12-03
33,28.424451252503786,23.817142955667805,35.81370136131591,20.39183996709762,42.528054200462066,18.50661030885967,47.483876027483994,17.56772719080618,55.76822679050092,2023-12-10
34,33.002628673799336,27.626947768760147,40.22477891269955,24.661623794201297,46.88921323856921,22.80596056295326,56.20744572965194,21.363567938034247,64.47457449936773,2023-12-17
35,37.467477547586896,32.1513958084397,44.98946202819934,27.487987171276473,51.79723358689808,26.472748037765268,56.940309655887475,24.618568593089005,63.66034895849296,2023-12-24
