,pred,lower_50,upper_50,lower_80,upper_80,lower_90,upper_90,lower_95,upper_95,date
0,21491.190216592222,20349.890058347297,22849.247924917785,19267.718531456427,24189.55305165312,18552.07578231869,24757.959289757175,18053.399626265033,25737.98193002195,2023-04-23
1,19286.87366227922,17816.714365204098,20717.197804987707,16674.08258280223,22268.21435851301,16060.407649802462,23015.299602585168,15630.337103245163,24039.350757520053,2023-04-30
2,16028.062917350588,14663.072274850449,17586.521663869265,13464.588540781308,19475.274060452884,12895.803587116174,20788.238216818645,12611.710689220123,21803.20192551948,2023-05-07
3,11697.267686905863,10378.563975069817,13320.193189262936,9442.696361974138,14978.250640202594,8771.012153994006,16152.924389381053,8517.271812470548,17320.58235002053,2023-05-14
4,8339.994423267344,7126.580515766429,9527.220274030667,6327.909355161636,11346.103071685531,5953.02899805127,12424.465376701386,5479.223121691146,13516.6990189432,2023-05-21
5,5282.374867604871,4592.227554006648,6341.9428388970755,4007.1269775305673,7567.389158967848,3712.729690534753,8393.836146789166,3477.233925851405,8911.929582787738,2023-05-28
6,3359.5520573084577,2830.959204282437,3925.2033261382094,2445.415598589505,4630.093746457226,2248.910836148876,5414.892663256963,2122.8058567374865,6264.953125374714,2023-06-04
7,2265.0683148095995,1863.1048046358046,2797.5382213568737,1542.7563137112556,3459.054191280591,1430.8408924007013,3991.781484651411,1317.752362619698,4597.829101575065,2023-06-11
8,1795.6612584337518,1419.7939553645447,2259.5782767772344,1206.7599267307864,2921.35524327828,1101.9060351123212,3642.495293669554,962.1029547976772,4061.644174013268,2023-06-18
9,1383.1780309681926,1108.2899395934583,1747.5619445438533,933.7154545361246,2207.897201373766,840.3444819542401,2669.7317869918807,789.6892506914522,3121.649672772524,2023-06-25
10,1149.3346392771828,869.0235077256384,1576.3786984398012,702.5684492936456,2140.5654462660273,607.4078097292576,2658.9918311202146,527.4245125005838,3169.390148396552,2023-07-02
11,1016.5203814543715,787.656205144217,1369.8422196198103,641.7900437869156,1980.0271530551086,555.1664183650062,2337.9276449871336,484.43748417701556,2783.785439397418,2023-07-09
12,726.5968436655005,559.1964646160491,1016.2802438786757,435.9292569544298,1461.881604487796,382.95800596133313,1775.4285694753444,347.9654000233262,2182.479764918894,2023-07-16
13,550.7081782312829,392.6106544961765,816.6912569596498,293.83276404203986,1175.087290370512,245.83289105665847,1498.971390019113,213.2265734796158,1984.81157727624,2023-07-23
14,500.1343851152923,374.56699055714637,688.3668447428831,303.1988858520792,1007.9050011387321,261.8995399538596,1246.2837535761419,236.9455661110063,1517.9138240923307,2023-07-30
15,424.03250111855664,315.3555743379412,624.5156738891199,235.85258987159077,921.6857522711667,203.34968995469765,1114.076829575245,179.09040325568003,1423.811536639899,2023-08-06
16,413.5172010090359,292.3157164345273,597.7533018067578,213.82753420268028,912.3181217471302,182.55414604521712,1314.1332605469788,147.2487945291464,1606.0082562946782,2023-08-13
17,387.8093561061514,275.252811633273,641.1673451985052,199.97643284406,1032.4795641897006,161.65827872234738,1469.4831853457888,130.83332483776704,1883.3031786667373,2023-08-20
18,336.5442456387987,225.7800447578697,523.7924755867134,160.2593032632225,810.1141564338183,133.04474147131526,1002.6489935903018,121.84926228235584,1603.9549888778477,2023-08-27
19,203.81225068100153,142.96556322759793,317.67203244306734,100.06643367825323,498.87906060336763,82.87674255906373,732.2722522144287,74.96592265210188,1118.458738327805,2023-09-03
20,175.56142381184625,125.36460169618636,267.08325244681174,88.46234365219546,434.71745590328743,73.39000568255202,599.8876533400384,62.89337637676668,815.7727009384404,2023-09-10
21,195.7069791962572,139.51721631522022,309.24743662891916,98.931475376607,441.726707610177,83.17976278077359,594.1832380055702,74.28744326907048,880.2410202206037,2023-09-17
22,260.7407700026046,178.31861415811994,391.1173097764482,122.42882385521635,622.8546738548791,99.80623884232251,888.3378785403091,87.88624796503316,1148.6667234953457,2023-09-24
23,227.74735798096035,153.79452903773452,377.534754835018,105.64568946118688,547.3759194196429,92.73769418278599,810.6625149790107,76.45949619339346,1121.825353285981,2023-10-01
24,144.12178702007074,98.69151743766884,216.18273990293355,71.47528777564581,388.2987194472937,62.89136981477,572.1883460274104,54.1255754301254,736.6215606813108,2023-10-08
25,326.77786379312323,210.70281771327245,493.0829739669531,156.84379053933807,824.0350234054396,126.89392233571763,1391.6605860052075,100.70356198770438,1578.9578244590166,2023-10-15
26,380.84002744334157,249.31974004078754,517.5658087573606,180.08359213028368,878.268909716988,153.71440411371816,1190.1807134155738,134.58511951328074,1681.9044104178836,2023-10-22
27,309.7264659151159,200.9635812437541,453.8499167344338,147.638949545532,759.8228625290446,129.59655132236537,1046.414361429146,111.16009317168455,1419.793696175582,2023-10-29
28,390.0123531226284,272.5712160135752,595.3419581127996,196.44917062883567,1044.9475829040239,168.83840159804956,1479.8717235943175,141.56137797748602,2004.6840999058056,2023-11-05
29,686.3057827176075,457.0705799680112,1073.1669997161719,341.4790827795515,1517.0475314012317,281.1539616685774,2172.3608826837153,232.79889633058838,2881.7190501088726,2023-11-12
30,849.7888292238653,589.8753223496583,1203.5417480386125,430.4910609071304,2000.752420126158,343.9922341979903,2951.9231779365427,315.9047674404389,3700.5757183392357,2023-11-19
31,661.1273313245583,480.25648917737726,996.0911167420868,362.9035930905135,1527.8201974552808,313.4749227970652,2039.9169251093203,261.81475577391046,2536.1249268315473,2023-11-26
32,1111.733039088681,789.600599115887,1627.6988992807733,621.4644862218918,2524.2745344382524,525.7698348493761,3175.4827642580844,484.173223231208,3964.929807229337,2023-12-03
33,1413.3812033203515,974.6406218158882,2051.8907850477517,729.424526307959,3456.7077291329983,599.6100422900377,4531.237064538721,554.8103543660633,5884.191816278914,2023-12-10
34,1427.9366145826025,961.776252603677,2137.7176525625405,727.685543056619,3295.839531346944,610.0719256421772,4629.085512542761,532.3832145410445,6029.576841125225,2023-12-17
35,1144.8868775245805,739.9981644361478,1760.968233458792,549.3247541433675,2677.750580194333,445.7619323465837,3772.014571050767,384.18884146466564,5064.061488686181,2023-12-24
