,pred,lower_50,upper_50,lower_80,upper_80,lower_90,upper_90,lower_95,upper_95,date
0,2653.9012201155783,2134.5404343579066,3260.5131290945974,1768.2264126884256,3969.1608709289667,1569.687002965936,4801.672013014651,1426.9958497712946,5568.394830408346,2023-04-23
1,4699.9842790286275,3677.868584032909,5953.505718919365,3076.5324933321303,8532.891201650003,2802.905016817755,10562.091030206662,2678.3602576426656,14855.811765936789,2023-04-30
2,8429.372865413403,6084.113321227747,12460.227891572664,4522.888555862217,19614.84131420548,3931.5059249506094,24404.970726983604,3583.7289610922653,32717.801991967106,2023-05-07
3,2022.0555349685746,1561.80541281342,2546.4141623363284,1289.0615977001623,3713.0388568586473,1162.115417362498,4573.0218907167955,1092.1639585829298,6798.820629679877,2023-05-14
4,888.7174112134653,715.450254940476,1128.8342213185088,597.2443777981738,1420.4006925335632,535.8967603038375,1730.0200512412682,500.34988837660103,2055.2985190057902,2023-05-21
5,2359.0525096088577,1684.089343386679,3664.2985835021736,1290.382711377602,6351.170351886864,1163.7532757590768,9278.650010480913,1036.5044770007414,13714.087050031681,2023-05-28
6,4018.833478843071,2742.6594552328947,6262.371857722167,2010.6358867633628,10225.853584173754,1692.6575019415416,15045.754523753265,1512.7371768809608,22049.521219759154,2023-06-04
7,4973.718961425247,3260.577618683253,8185.003982298329,2248.08712137125,15634.17274910083,1791.9810850675192,26919.613120463633,1590.444785901033,40843.69465843861,2023-06-11
8,2137.233769634815,1451.5615629584904,3182.1488361657066,1146.257865810666,4773.271127308847,929.7121392301858,7838.39631005809,789.0508611724024,10803.270898603078,2023-06-18
9,1343.8613917583857,972.8042951762312,1943.5411035184957,744.4200608936401,2816.9145763242373,637.480021794884,3970.3822188797803,597.0277346067057,5229.634881576511,2023-06-25
10,2058.464158914956,1608.6681683204406,2892.3917663256398,1318.8124170136434,4276.387936993849,1105.3704278635146,5716.264553347637,1005.9901159868753,8880.599544036473,2023-07-02
11,1415.660846264525,1064.4375566029937,2272.19958026207,836.5549196515816,3453.871965923915,702.1570886974719,4982.725354630836,602.5428943052689,7084.977292772293,2023-07-09
12,2105.532623272103,1595.8684343140685,3037.8618743548086,1262.1934694078311,4766.666888634197,1124.9986805319172,7061.514914327649,964.1326050618134,8557.01272974442,2023-07-16
13,3110.39149437171,2446.293576363526,4195.52778688741,1931.2080658710304,6212.586039197603,1699.1552541331318,7786.377181330046,1592.0319818178275,10246.343353866714,2023-07-23
14,1503.4264903721232,1165.0789693436163,2063.372957690557,975.1400564357813,2917.2612077581116,899.8790989973343,3873.3549904008055,807.7889448386583,5063.352802813759,2023-07-30
15,1801.8205722695875,1422.4806672923733,2196.433979898826,1243.0178485543438,2924.071424911311,1140.8503289366345,3806.420803702357,1076.8785206316322,4766.417831041831,2023-08-06
16,2034.0184915933532,1660.3860600531225,2655.150530846244,1407.841186001025,3596.273245773619,1265.0069176530865,4395.561155419511,1162.5458469466416,5640.780103048039,2023-08-13
17,1933.6916978247973,1550.9539205743422,2532.4481405773786,1319.5497556651942,3428.780681420626,1182.4818291234908,4644.917317931764,1122.461988129433,6112.722162293766,2023-08-20
18,1617.952907818084,1265.624138661362,2034.6693806861513,1059.3285785611909,2774.85523419101,990.3009631782123,3659.5843139116237,931.9970944627294,4763.111146861257,2023-08-27
19,1448.1544380745545,1170.457814063303,1835.6664305180311,994.6660985304254,2603.9423279494863,923.0451687855202,3252.6988927123957,866.7565908211742,4074.7808668089274,2023-09-03
20,1279.550824825039,1036.7877269935634,1678.6953229307874,877.6520604081845,2218.1434182024946,807.1035183768741,2739.281933794434,724.5127956857607,3687.7148848818,2023-09-10
21,1281.4922589922426,1033.069267746483,1689.7857161974352,878.4297795078207,2221.170914806094,832.4627033622767,2828.8348119359466,761.6243183043401,3618.9868019756996,2023-09-17
22,1054.8137850281782,838.9601447876739,1333.843932977773,708.5905661492294,1738.6516672388361,657.1307018387737,2146.3696831551783,622.7062020705198,2806.425742055017,2023-09-24
23,984.0450273035567,791.2818402297235,1285.335575335855,636.279387258783,1747.7329395057805,584.1308428670676,2166.74012871289,540.4735951223436,3216.240403056409,2023-10-01
24,874.5245844251986,716.6192915112042,1176.1055419900968,613.5069809747235,1571.4899865626326,562.8747704691447,2095.750082269017,514.6451547055989,2577.8033657050655,2023-10-08
25,980.7753837728069,809.4098477344214,1295.565965260822,666.5033132658122,1760.4355542454584,612.5317879592101,2131.9491878708213,542.0783263885554,2924.2625784536526,2023-10-15
26,798.4924667880264,620.7957276475445,1026.3894898059689,524.549311480596,1631.4231959309589,478.88826657928087,1986.3720531749138,450.1462282540682,2531.476727398696,2023-10-22
27,790.519595038807,639.4694328775968,1054.0953216065345,528.1961719652751,1411.2090810169118,474.7473320025137,1845.0494030352204,447.0881467151813,2175.891022455276,2023-10-29
28,822.3645592663961,631.4149102577057,1131.7286748631745,530.4448326963781,1594.3230970674085,469.229269407013,1995.7542801759728,442.168574016093,2818.567090979131,2023-11-05
29,653.3039077966387,530.2048602129203,841.1858523467836,428.29658643691835,1100.8581421633157,394.69867407199763,1414.5837418100248,356.6481202350177,1854.4312714648152,2023-11-12
30,878.6190325122675,702.3347781155958,1155.083293143098,581.3263587675398,1550.6830286428378,509.7646429718392,1944.952315624296,480.6022324675902,2764.1433939677163,2023-11-19
31,789.2390068775303,636.4163979204777,1074.7760910682696,531.9847508829253,1469.6606223744027,485.81926980750615,1923.4577314419953,457.1907743282007,2341.8515729993164,2023-11-26
32,812.9485620053692,644.7345088033039,1082.2091390271298,552.2137968390098,1396.1274889984688,508.9024559670564,1703.8389248018407,472.6699549853772,2534.7572966108823,2023-12-03
33,605.1039122425409,485.3141273762303,757.9948675521005,415.5139511100024,984.6084243817324,381.5734606588603,1472.292778893057,362.26014776114584,1764.2343742338085,2023-12-10
34,484.8243072210835,382.0240672844849,657.013329650289,318.8062714635032,976.3464678372055,289.995282962012,1220.430386126077,255.50593497738421,1596.2906892707645,2023-12-17
35,245.77315947374518,194.78551120784843,343.07438187686773,159.90361861227234,476.3130973852192,137.44317370325152,596.1999036352614,121.63964352514165,704.3270469811334,2023-12-24
