,pred,lower_50,upper_50,lower_80,upper_80,lower_90,upper_90,lower_95,upper_95,date
0,3896.562915879521,2893.9522989975394,5772.151760731609,2253.3455163466483,9699.09813155206,2012.6129023211058,15112.023890881028,1810.9951381859048,19802.756562239018,2023-04-23
1,4347.909711732998,3357.441171926249,6391.249514857303,2622.1306037634795,10128.387025511416,2385.3167189607752,14838.53859316652,2083.4035130481802,18072.447722212793,2023-04-30
2,4948.232069036028,3698.613119194124,7341.6337876773505,2823.2106352463775,11543.118630166426,2524.7806307653964,15340.635582707007,2259.432015527781,20892.98743121559,2023-05-07
3,4992.0538435189665,3687.907616539833,7060.826001148675,2995.7434177377518,10016.906477250617,2646.186241503035,12801.005916110047,2417.886340981263,18258.84179198374,2023-05-14
4,4786.317773556122,3525.1468275961233,6666.328323725167,2925.9224016299468,10118.655801071365,2620.640670549024,13741.500905546054,2326.6188449376787,18162.689275266745,2023-05-21
5,4506.898073429666,3509.9174576776495,6176.301577901268,2802.4578773248636,9345.852561595882,2452.9413626301157,13840.605902446678,2197.2906493168375,19702.39948972447,2023-05-28
6,4516.133593672763,3426.480882694823,6520.309719323472,2694.03705475919,9673.334784288014,2375.1682145690147,12492.557702780283,2198.0250773537664,18341.986648979513,2023-06-04
7,3900.7088569078987,3024.261119588329,5531.157260026774,2515.404605903145,8140.533774229871,2209.655678417135,10514.708218153386,1973.3844860502363,14425.604231921796,2023-06-11
8,3417.4824361423016,2662.624107159245,4637.2107453931485,2146.2888111192406,6800.007779675455,1923.5448167158588,9096.855849440333,1761.9552274697958,11415.889501992257,2023-06-18
9,3183.800730917199,2487.4561972132506,4479.034875997209,1997.4007712041814,6701.631574863497,1746.2512909072623,8602.886578849115,1565.223647626166,10786.792282499557,2023-06-25
10,3156.6912180259133,2487.269691801254,4456.929717340998,2022.3121330712263,6865.516272512209,1854.4243165440064,9261.622130559688,1691.202603528061,10658.225512758083,2023-07-02
11,3461.070616527115,2564.105870082214,4698.4262471472375,2083.92854825494,6964.897899396947,1820.3562332830372,9623.186518426985,1606.377180771744,12693.776931171707,2023-07-09
12,3127.8466070591785,2278.5916521706404,4404.864028448112,1871.2104341062545,6277.031901288719,1660.4098021440866,8242.889649527298,1461.7474529804067,11796.791325449192,2023-07-16
13,2904.7273904951435,2122.6209042825676,4125.361825372498,1608.8185819880848,5908.929071754852,1460.7703943706397,8187.197729596832,1321.8895441490126,10988.37268094224,2023-07-23
14,2401.0399922200268,1769.222458376983,3354.4583171475033,1409.2055603759516,4825.353300449855,1215.8573686802895,6494.577228678123,1112.282306843358,8261.46794329248,2023-07-30
15,2273.748372907741,1727.0948469699724,3268.9843821003888,1431.032758462811,4694.688475285954,1236.6881816567286,6016.731197426322,1106.3600777106142,7637.367329075222,2023-08-06
16,2149.4478828357533,1643.89417691158,3119.686137519376,1296.9838451995674,4664.8436112389,1150.304003939062,6198.253770102298,1054.202175163159,8415.889348241953,2023-08-13
17,1872.25121088566,1382.4763111391785,2715.0860105961333,1095.5388924197166,4118.684106634959,978.5514531979309,5712.36150953809,880.8300789770595,7490.544114182737,2023-08-20
18,1503.1142545486837,1127.6938313297492,2266.824115135324,914.795785979877,3542.5388885020343,796.875577520944,4999.743509874771,717.8129469866427,6345.228659514269,2023-08-27
19,1267.9334885211958,960.5108071481118,1825.0427512373751,751.3367887660618,2874.9135104379766,666.1420286884953,4095.8591517033424,599.2743480240096,5262.712285047728,2023-09-03
20,1281.4029161788267,919.5650051264404,1823.088969355726,743.5463262461104,2935.805432649165,637.2139766290873,3881.0654605996174,605.8659326778414,5073.527178695863,2023-09-10
21,1103.559160018682,835.5072723175547,1682.0595567403752,665.6890655767689,2662.2900990690446,578.5467295684872,3574.040516288493,522.174134096934,5204.448819646035,2023-09-17
22,935.1903961066305,699.3870267458628,1302.5775912523804,557.2316302681076,2063.323766359926,494.11230790998707,3087.947999649756,453.41461180950955,4916.752133384648,2023-09-24
23,895.339823363342,675.9076711887067,1270.9769463258153,519.3615520633109,1845.374443029488,451.234309575774,2782.40058604979,404.69490749863957,4127.527226705069,2023-10-01
24,825.462536659209,619.0920398969379,1219.5881793013682,476.4935737492696,1809.1155355633036,410.87420406958256,2327.0842688687662,370.383246441762,2781.7647606535234,2023-10-08
25,750.6651348827158,543.0731738083564,1161.6306407686495,430.9794755669046,1694.5299061726002,358.90986407614594,2269.8721108088553,330.1423738881516,3471.851296259535,2023-10-15
26,649.9134604007677,483.40952328004227,900.5082992706662,372.3518604051505,1398.3528331862929,339.20989227991265,1800.8534597489463,306.5054711237484,2551.4811328174465,2023-10-22
27,525.9234818114617,382.78598376212085,708.7083309585471,300.1930847522473,1107.9958202647579,265.57527781229277,1584.8932226724983,243.91294467188828,1903.089394565662,2023-10-29
28,598.9410279574463,431.238666325646,833.235803313202,318.8510733881961,1273.6875199411827,274.68067199697464,1501.1451428982803,243.5004971542221,2498.7575096420715,2023-11-05
29,523.7912048880007,383.9543576480702,751.9196977406632,310.37603909079195,1124.1354131299097,273.399021543978,1739.6360350443476,241.94507958181438,2463.2212918033188,2023-11-12
30,495.1323960439257,374.10895272337984,752.5600576715588,296.35412170982295,1136.0615068575016,260.88807552751996,1650.4188411897046,247.01386145389318,2693.033508404284,2023-11-19
31,488.02924338740513,353.2505582166357,698.6297830836186,271.52370057692644,1046.0862936196838,236.88788311621394,1503.7921817830997,216.4039734541602,2143.5463645821505,2023-11-26
32,452.7594206584135,320.9529784664612,686.3171883714357,257.2180818858833,1118.5276346311266,222.8063322070303,1588.5856774196354,196.32212056364975,2590.608607984433,2023-12-03
33,386.382785137414,285.2123851031978,584.2930445790587,223.00585065765154,840.3749528859576,195.1354186989513,1043.2589403014608,166.83143006997773,1394.66261002299,2023-12-10
34,274.0565726197808,199.76157020972596,403.28495853282726,150.0860289228969,578.3182530406398,127.83329788529632,782.2135633867534,120.06751678589859,994.9996495737851,2023-12-17
35,199.38954588555856,142.3447459934855,309.92130640466763,110.03334022949099,481.65973025953355,96.32453682759153,655.7506617618063,88.66332044557845,852.0045759842551,2023-12-24
