,pred,lower_50,upper_50,lower_80,upper_80,lower_90,upper_90,lower_95,upper_95,date
0,49342.15243589168,47797.23837646784,51138.647637759335,46534.96819468359,52933.205826019424,45818.723453196326,54340.056873348985,45234.154080038774,55436.99867087253,2023-04-23
1,49675.95346517494,47661.114653595316,51790.50892090867,46016.06163068783,54273.287905280886,45027.656824673344,55731.13578407603,44084.92075458546,57220.81013082134,2023-04-30
2,47823.42726870341,45425.20727531066,50202.87465838721,43700.81572929892,52501.488841437735,42540.42065081256,54276.96516793458,41904.193701316835,55628.844338250645,2023-05-07
3,42670.743603178475,40416.65023290849,46027.883048491785,38580.57957772429,48970.75098613595,37366.19669986106,51209.64544657131,36694.79976542703,53542.29071353193,2023-05-14
4,35542.7643278389,33079.661146478495,38265.27632304578,31384.931723897556,40947.42172596832,30463.45863502816,44066.46706564503,29359.629872486355,45359.81778824485,2023-05-21
5,28531.23448265539,25977.565025127595,31118.233535536492,24076.8343701409,34162.56010254859,23434.761034748084,36517.8501841543,22830.807690382502,38331.83128070898,2023-05-28
6,22496.240534538694,20592.810746713905,24564.53898719266,19248.14690175798,27352.659189057318,18345.4875873684,29086.495675730723,17603.804344392487,31149.882951916283,2023-06-04
7,16842.604197596003,15277.759993044005,18436.971036567054,14406.048207878053,20436.315697238515,13834.75680114784,21939.210195888223,13112.674489493123,24260.034143866116,2023-06-11
8,12792.665142745434,11711.869373045287,14399.02196460545,10767.481830286913,16018.9211472825,10524.254660540912,17076.86388662059,10263.834620528762,18686.012422485346,2023-06-18
9,10266.509513712132,9279.418988114267,11677.228817237625,8581.903778373458,13130.608206211258,8335.643931383353,14564.800807061241,8098.216531410131,15726.559708702503,2023-06-25
10,8391.315702545056,7569.365847905767,9609.654637582156,6848.971740668452,11242.35418683994,6490.0993461111275,12443.826521406478,6344.483633980091,14482.736966335655,2023-07-02
11,6324.0790104617445,5635.870151745106,7416.019732800157,5002.57695855713,8494.980754014154,4756.79623683805,9333.153485378802,4586.213691383742,10537.928744374492,2023-07-09
12,4837.67418414585,4200.155837758339,5666.4159991447195,3787.6751058062687,6564.36789967258,3584.612538344066,7176.939813946817,3480.4020469412303,7879.990395784757,2023-07-16
13,3998.0925390833254,3527.781555725031,4721.326396306902,3125.1063275917318,5513.945924531168,2951.4524637986974,5994.097218139094,2867.3691911303167,6618.574789362844,2023-07-23
14,3490.9043958859274,3036.132965884554,4145.563375239573,2676.0632364977205,4801.922533424113,2508.102451036245,5420.491148597321,2392.3975320134164,5909.786953307045,2023-07-30
15,3008.349133961341,2491.9956711455707,3533.5097091516063,2224.453551762387,4217.195484340496,2035.6623484569427,4769.543219225016,1912.1632277344095,5385.150163977884,2023-08-06
16,2460.3176924944296,2089.9494448639225,2947.3798758638095,1817.974341640056,3606.908247104946,1675.966933239856,4071.962441398638,1572.8088022444347,4499.004135122657,2023-08-13
17,2208.8364141792745,1879.9382946268347,2665.001031950149,1647.6099099565488,3194.210304469819,1515.7997002749503,3819.5885044965867,1463.4846228316142,4396.052580687466,2023-08-20
18,2037.4730623719297,1752.1376338384355,2502.2324413115,1542.5488306028446,3007.0204496538927,1441.2255992415307,3342.0399333681403,1381.1884704584063,3884.1335040730655,2023-08-27
19,1789.604343867055,1563.3348511782428,2150.291269004926,1363.170653061708,2578.723397622136,1283.0472782310346,2875.9308512651846,1219.1304103345801,3373.0722570008056,2023-09-03
20,1866.6320198370886,1622.054434495194,2203.598367260978,1441.6225709487337,2480.3758499652376,1354.254788989208,2793.9914744315224,1262.5866899768303,3188.0846608782927,2023-09-10
21,1863.9148282637507,1576.4429432305228,2176.248172224336,1404.6510676141522,2650.6495399272467,1297.601890481622,3110.289308579584,1224.8801228245497,3428.5463733415054,2023-09-17
22,1679.0662910181354,1456.0080333091637,1986.3907210430696,1273.7561761609425,2499.1679479210256,1197.5866636841583,2735.6098362208954,1130.494954333153,2905.3465261942506,2023-09-24
23,1699.585756824874,1478.0695957148,2012.1799264720757,1297.6372213105944,2365.846779264628,1227.4186701468302,2736.051404519622,1146.4408246561006,3213.4482199122886,2023-10-01
24,1796.6755391439865,1525.730358394852,2068.532701866394,1343.7091389751633,2449.9007996140617,1265.407181010545,2751.1585983677783,1176.6172147614582,2905.651965840687,2023-10-08
25,1899.4663104289912,1608.6847176092444,2269.725952157338,1429.9045208264606,2733.2361470671,1310.48537925371,3084.287744318466,1184.8816621070337,3522.7753071445777,2023-10-15
26,2006.4895663061388,1692.9010860370724,2376.7332936087787,1478.4596557751945,2893.372502935807,1335.9876086261174,3223.1300283657692,1299.1766080851785,3569.119142639643,2023-10-22
27,2032.842295926796,1713.5955429086325,2412.1158669649913,1524.1954888350547,2907.9038896334932,1430.3322217211316,3249.6100815612044,1326.275008039657,3738.239826473643,2023-10-29
28,2191.8312268493046,1866.8113705899254,2624.0386926951755,1581.7470582513572,3160.5169541775404,1475.574565281816,3514.5144893099177,1401.7921501924593,4126.79590171259,2023-11-05
29,2293.0868656955936,1921.5397159298536,2872.598150339638,1710.7460478216963,3440.108342421712,1547.8636253793547,3902.2034087332195,1515.0348635222126,4560.993288753255,2023-11-12
30,2757.5025676256428,2333.76709227182,3368.3141707431478,2011.6356244629123,3928.0730386864343,1839.0083232645777,4520.881944823437,1704.519332912872,4810.119689096171,2023-11-19
31,3220.2547230162663,2628.5328099077196,3879.3698607220335,2302.217971619323,4763.408988584591,2129.2195537708462,5619.369709108281,2022.8001947156658,6402.6066354892355,2023-11-26
32,3791.428573836043,3190.3688893285225,4587.3673730212895,2759.5446550323245,5718.479048133256,2590.5159117371986,6901.420212519117,2335.0385939720045,7822.4476081997,2023-12-03
33,4214.522284756433,3630.811233519523,5241.27436298021,3132.1719796202833,6691.686009121862,2942.5277472001394,7912.497737666368,2794.548572208327,9633.163283314201,2023-12-10
34,4359.7839828974365,3541.4071858956077,5215.510901469748,2989.783829436275,6460.0891683790505,2792.309581351605,7939.654901216242,2604.4170952168256,9446.928317962185,2023-12-17
35,3750.2456983690627,3058.9498658637485,4619.620140437812,2651.319393684011,5894.755822049043,2437.206574866132,7051.287277945385,2133.1491839550695,8697.897181016544,2023-12-24
