,pred,lower_50,upper_50,lower_80,upper_80,lower_90,upper_90,lower_95,upper_95,date
0,14109.868777183146,13154.920678599156,15248.36407383001,12442.19906635625,16568.45454567976,12052.47066046955,17733.97603136839,11619.715718029041,18712.722088989445,2023-04-23
1,32773.46905178763,30355.67323167302,35602.60068822009,28145.90662273675,38593.51467931598,26985.331774514438,40867.58373736833,26265.326393875497,43540.58692430702,2023-04-30
2,26180.40091482707,24596.50937850558,28196.893293815316,22844.253482780165,30270.924996581,22158.099787072297,31581.035824809547,21385.455482661302,33217.905060897705,2023-05-07
3,28419.244399335526,26302.08823357674,30987.153955855523,24892.40049857162,33317.96422170076,24149.88430569611,35081.74138917197,23406.671796017483,37008.38104572722,2023-05-14
4,29628.29091281988,27349.76145536662,31988.247746169858,25828.146060094936,34780.672018441095,24997.16225600125,36778.58918801788,23949.172422131996,39209.39098414911,2023-05-21
5,25592.120557309507,23627.232057581714,28241.469818831552,21924.818862918568,30650.176505095675,21192.07932456293,32250.802842176276,20730.585912082046,33584.368133748845,2023-05-28
6,27729.417965044966,25297.861220547435,30293.1880464977,23794.81756240376,33372.04540247629,22784.79694014321,35979.400361336724,22053.99304369573,38283.842587583975,2023-06-04
7,28038.10941026616,25514.764605189237,31329.65915537972,23830.476829575655,35411.379894713325,22432.38063801967,37246.40579481157,21644.89272154102,39655.67855915265,2023-06-11
8,19862.07903098443,17565.579985464865,22227.048873600783,16222.547259904206,24957.17097141057,15519.758508038885,26815.840006638682,14802.204442419132,28452.358315878293,2023-06-18
9,15431.073314557521,13713.505007031039,17488.12332894148,12448.142546438165,19551.861643179516,11881.994047394832,21009.01711676822,11426.06402656515,23459.050014050703,2023-06-25
10,10517.467555023439,9343.173231682125,11891.542466752877,8421.958226080456,13869.50519540622,7845.704929375365,15413.904392437445,7504.717939778597,17636.453346147522,2023-07-02
11,9127.586201960046,8099.800994730285,10375.165456580333,7447.054078304448,11812.948461060443,6986.127616393174,12783.282037694455,6741.008699404849,14587.261851901587,2023-07-09
12,6598.9847950134135,5856.799738660797,7724.494874820515,5236.8094385030145,9301.724627371303,4963.691642764953,10334.083768973365,4632.970123251211,11448.708307622928,2023-07-16
13,6165.769208095211,5301.5828938162485,7255.172694802329,4696.209042669543,8917.34045202448,4392.974997431688,10166.296833751885,4100.305821602264,10860.00898699277,2023-07-23
14,5448.342624563988,4792.2778718449445,6656.463123992892,4196.263813675763,8067.676786465358,3916.187268066766,9314.733259185075,3686.9604989419076,10624.321199810978,2023-07-30
15,4763.034015839647,4103.825085439172,5717.467437758947,3625.5662816274657,6762.812035379838,3426.5532065720927,8075.6773311411725,3154.931203166578,8978.428681849504,2023-08-06
16,4302.871927790315,3653.8992338804637,5227.837057842057,3193.572179583552,6419.996847911281,2984.2828778432468,7021.713206337878,2729.846385677503,7899.615119344507,2023-08-13
17,3540.3675103183323,3022.8580605335083,4229.036821221402,2640.9966114384165,5055.874905080662,2480.4118453881765,5847.812727097575,2387.8765711001242,6842.105016154592,2023-08-20
18,3233.2708009550843,2800.578072692055,3883.50709957456,2503.9948449548383,4633.637606071411,2366.756282362311,5288.502008598381,2264.7598842088287,5998.9898410578135,2023-08-27
19,2824.9677872789216,2454.1900848311107,3282.5640072269925,2234.0921441875385,3819.1229596216845,2076.8009138831494,4306.461630727338,1998.3236663352832,4817.452463056531,2023-09-03
20,2244.173653295853,1948.8906309256076,2568.633400949349,1744.0158548312684,3040.0568125118657,1631.9493600461556,3306.80177933388,1532.0539525810964,3598.9575853383876,2023-09-10
21,2442.4713675396706,2097.193376494657,2766.4667905911438,1858.754918623613,3257.111525458094,1769.2800881024284,3588.5608457869876,1692.7560180580315,4037.2340043011695,2023-09-17
22,2610.7099444683045,2271.1135191966814,3086.9832574913016,2023.2702233342989,3744.2983176522903,1888.8093131352623,4151.454542899494,1773.0445570129134,4736.625883930314,2023-09-24
23,2563.102746517583,2213.1170554326923,2989.262489225883,1985.9810930871952,3701.447189826481,1862.8081470377033,4343.813286182914,1782.899874481278,4761.9080984093225,2023-10-01
24,2336.1830740489095,2026.7118164119283,2762.341281332603,1813.4411259017695,3218.1607762547887,1710.923035351545,3574.9507726868633,1594.7203620507303,3973.6338132202304,2023-10-08
25,2574.9661519165065,2224.61536525293,3041.3758018996177,1972.8087605632536,3539.4952926609853,1842.2285007958385,3914.5882428559335,1741.8557774793903,4417.759236482043,2023-10-15
26,2584.467368957049,2178.9189164000054,3031.7170493677622,1975.380461176244,3663.0359437737575,1828.9747030946864,4333.082749658404,1703.2357733113727,4637.964228914105,2023-10-22
27,3387.5074903151763,2962.3379757684925,3989.490696059336,2642.024647394631,4636.947742507154,2444.9710853186616,5179.628202832642,2275.1668445089113,5724.097739776868,2023-10-29
28,4045.532026103445,3403.944510409887,4809.853380360792,3052.0125305360475,5747.0328903990285,2846.350900405525,6706.509325481484,2671.040163148033,7643.54434794871,2023-11-05
29,4132.419672579119,3478.850799158994,4998.877525072877,3046.2883217987305,5985.875612850702,2838.699221844198,6877.344938481115,2680.493310062157,7375.920419219497,2023-11-12
30,5311.841447782943,4391.999472834547,6385.606511395588,3926.027590406258,8110.297789458568,3576.8027216867285,9694.894424268421,3271.436559921223,12066.37436184277,2023-11-19
31,6056.932267131193,5196.13871937041,7414.759293208372,4517.621145679678,9384.939162627015,4156.714459901454,10848.069835606766,3957.5264547178685,12069.818999111196,2023-11-26
32,7809.371298077502,6549.724434110594,9400.928502712326,5751.2055447146595,11943.551842884935,5385.885824990782,13294.066047348044,5049.383480429895,16168.317989614581,2023-12-03
33,9609.849640183289,7934.489440205562,12043.001090293343,7002.64103552824,15156.08170415087,6357.285661874011,17255.91253896819,5888.203529373754,19854.686047958217,2023-12-10
34,11650.174779131441,9504.309020532888,14154.086011991521,8346.586148703096,16784.377751033986,7733.488230802954,19946.494205523664,7189.828998076777,25040.77587571658,2023-12-17
35,12835.371199455098,10569.533012459397,17258.670196837713,8804.06633456431,21956.152926620496,7857.460868141553,27117.88788031898,7135.368371949634,30771.31322058958,2023-12-24
