,pred,lower_50,upper_50,lower_80,upper_80,lower_90,upper_90,lower_95,upper_95,date
0,11306.18711251134,8276.939353641385,15748.456551439245,6370.990048564625,23213.077592005924,5423.239565305144,29456.908281533335,5091.234782374885,39707.429689115044,2023-04-23
1,12663.442719306477,8707.595344600486,19862.724079698826,6580.528388329234,31145.591707513344,5784.063637347561,40461.43606200159,4912.313107020721,52140.88931722828,2023-04-30
2,12659.51420914696,8797.501620679046,17916.73550645102,6280.700348998769,28209.179847248077,5654.256192168771,35407.92939352641,5271.148536170675,42715.83667880396,2023-05-07
3,12505.893901576761,8589.160871911015,18494.222745049068,6693.747393338167,28535.468480882948,6055.44850005501,41211.02038994686,5619.762998808947,50454.74505825582,2023-05-14
4,13888.183411520211,8716.126451915654,22333.742036892778,6502.921995590305,38063.6525694243,5329.166989855282,50360.48301114039,4365.943239209814,82771.844103783,2023-05-21
5,7661.8871091673645,5217.029189223351,11929.597697947356,3941.876774841186,18698.43344957447,3400.9845267705095,25182.048548873616,3064.3871447504544,33032.09935859407,2023-05-28
6,5466.496305480967,3947.5720401788167,8744.048085204824,3045.4326282063353,13159.393509641954,2603.5690684693436,17779.337084981922,2314.559638539927,26514.859028373005,2023-06-04
7,4957.327402580366,3230.4729405246617,7885.099172026009,2416.178299902583,12179.307468462532,2019.1504137440133,17016.88793649778,1764.7768965479759,22964.7354404138,2023-06-11
8,2856.623790578218,2152.8572739321535,3981.0864212815213,1667.978918785145,5271.91011968193,1489.6986902275576,6314.5150991984065,1326.1389831727233,7743.103958135407,2023-06-18
9,2415.1454513217595,1829.436881097241,3332.8963539481265,1483.3412996236846,4636.701683309637,1238.4634133899076,5670.283243012361,1125.5955817958609,6749.511643904582,2023-06-25
10,1858.897892910114,1424.4311042752179,2487.5455071777524,1142.2676052089723,3254.7701283406454,1035.2566317137598,4091.170574273747,955.2297720289164,4868.128131953378,2023-07-02
11,1086.8414796804573,892.0224094572695,1378.2314457630564,749.7175071917707,1798.7355676916052,678.4427276678325,2107.486654103003,608.5321964994503,2575.760034092054,2023-07-09
12,881.0425655121362,725.0751696446059,1123.3191523234418,611.4410015475863,1394.8237565443749,547.517664057242,1559.6946484228715,476.25441199984925,1747.644902981494,2023-07-16
13,721.256313304526,577.9225075354334,931.2733610645264,484.3279994709872,1181.2151152799488,426.861190363027,1446.1432273827834,394.69024696140553,1739.9664158445776,2023-07-23
14,1003.8055522543964,761.3033568975934,1344.03460188164,607.3018527708634,1838.2768689419206,549.2912072337067,2324.371514101046,500.8021373718436,2761.3673089465124,2023-07-30
15,804.4205571848015,612.6970765658857,1095.8423382318324,479.27569650572553,1506.5596093120582,422.03082555154833,1806.1100198326133,382.5632932550281,2129.0636114688336,2023-08-06
16,521.9977246060844,405.6826323960631,700.2611851578704,341.12097267909485,908.8345433488911,299.98296687072707,1070.5711916256512,272.5594305746848,1276.9325274602134,2023-08-13
17,478.1582056488942,375.8255098266036,613.1866045400602,312.6468325687871,764.6643402783226,277.9231854709725,927.778865805985,251.3390046598812,1080.6482079869502,2023-08-20
18,425.09909877186874,351.6852184587078,571.0571010847807,297.185057050176,742.540726907106,266.2350520287643,891.591718611447,248.38797994162104,1010.9436736118967,2023-08-27
19,462.6639168545952,335.52968454845075,645.8169559739849,255.49561255388755,897.2776944090488,219.71927653162405,1098.445026518658,190.6120978490431,1348.3577778496317,2023-09-03
20,380.30769008167135,287.2534038517383,503.87854449467045,230.25613656305103,671.5420637843439,204.64534125709125,821.5577473038638,179.1932831616422,1046.3990105242174,2023-09-10
21,434.7216720398594,332.1121068175403,605.658078633729,266.8475935523851,870.0894256049759,241.92981690076232,1117.1482721724815,220.52610336297695,1250.061711899488,2023-09-17
22,927.2575602830475,694.350502704554,1244.680423777816,574.9619394004618,1754.5313524287915,489.40611500789487,2175.372016002995,459.1891645355471,2784.345231895799,2023-09-24
23,487.2300680130884,365.833842214849,652.7258437888418,297.40331438143784,857.9684095598533,269.6296356121511,1088.2279716391201,247.08490349288996,1367.7114795515697,2023-10-01
24,449.05751830609324,330.70375148250014,636.2583859068341,256.7958956808208,935.873848309903,229.0601256694512,1250.099714451116,195.57003759337087,1709.1570683556663,2023-10-08
25,477.62429854676475,378.9543635499699,651.0529384467627,313.6402524268107,920.659865132346,273.7983230815536,1065.2754453241566,254.50950179095543,1308.2382377544777,2023-10-15
26,576.0251453482979,445.71924376727395,757.8836489903376,358.5036338708211,950.43214851995,320.9161777019537,1131.0398490290652,302.67240493350334,1308.8837610295996,2023-10-22
27,715.8843904471596,544.4427050525655,1032.5209215284744,430.6720960073479,1409.5204543385917,376.7425959685007,1781.019060496293,347.01034665740343,2412.642933851179,2023-10-29
28,1181.7919687291287,911.9731229924118,1593.3036065410615,703.0296863245087,2293.295686119843,624.71906251416,3004.7412714042857,549.4883092160262,3551.799959573657,2023-11-05
29,2967.1585980052623,2305.7662228660774,3796.3907791564343,1878.3842613816844,5253.444406703122,1696.973580662752,6386.202213777918,1557.1232637385635,7613.518259547367,2023-11-12
30,1137.1324821459166,853.502554666622,1488.790138726221,677.7173923499467,2213.5820609532934,624.897028651857,2726.9773652676695,568.5885881630081,3333.96152176982,2023-11-19
31,1583.8389474969663,1204.9722976826706,2192.031767789793,958.0935492392259,2856.8839642920098,823.9046014813997,3802.1687779333956,705.8627946914152,5084.788328754378,2023-11-26
32,1740.96006498086,1313.1598285911623,2345.212738105398,1062.9148330579671,3283.8018767038325,917.2530260893051,4066.4687552180053,833.6433336484187,5122.733774944204,2023-12-03
33,2470.0192263072313,1891.3095395235287,3184.8118633635386,1512.7378452951366,4585.003386186708,1348.2808679306793,5210.550436942327,1263.71452156276,6196.7943923004705,2023-12-10
34,2962.5060358237097,2126.40251467728,4421.891701136969,1580.09937188521,6920.044639732699,1329.6527206624073,9609.328012990514,1165.0859204665635,13950.61365869106,2023-12-17
35,2058.1288997929787,1495.7754340149368,3149.518630442941,1098.6761522070572,4861.807439201202,953.7466913785356,6572.8122611854105,882.6976759933713,8625.395529424732,2023-12-24
