,pred,lower_50,upper_50,lower_80,upper_80,lower_90,upper_90,lower_95,upper_95,date
0,1639.4621538108913,1451.938064450631,1920.837250266457,1261.273362251534,2257.7134100274648,1177.1000091717694,2428.6158342753934,1109.0867328965746,2638.141073406108,2023-04-23
1,1908.145148968324,1656.3762135543511,2174.821342054056,1486.6073399322108,2478.259605869185,1392.2120755892597,2724.5745393830234,1312.9754227093304,2902.0457121097834,2023-04-30
2,2457.4290496949106,2155.0098610653076,2853.5689549822127,1915.5455933345481,3365.696879284736,1821.6159917955986,3731.391489439515,1716.156396506005,4121.564925227215,2023-05-07
3,2708.866877643857,2400.0125700756907,3171.6011635428295,2112.1254353615923,3770.090723311994,1981.4074251804966,4205.633318151021,1875.1563465878717,4583.058099428156,2023-05-14
4,3398.155493676197,2947.474736608099,3984.8221850930713,2657.3575889273548,4573.383733228408,2516.804935488617,4971.917742988374,2365.2578636487947,5637.00553672593,2023-05-21
5,2046.429544351995,1773.9365229237592,2420.6819342919625,1562.4859184648376,2832.0180446533022,1488.0052381639368,3116.7847083542933,1389.4772538511431,3456.9243557440814,2023-05-28
6,1489.0248205987737,1266.8127729684347,1768.1581575770397,1104.2305794727058,2106.876146200486,1024.078199336119,2392.1964017068003,952.0247852533008,2863.162724642525,2023-06-04
7,1151.6192513128044,932.8786524486786,1467.804920470633,768.4909777868073,1880.1940073827286,675.1982342866307,2252.992286917572,605.4658200347825,2536.4845985201296,2023-06-11
8,1116.581719680049,940.0188666854228,1385.7914266435546,796.8494367589476,1736.9640084075045,719.8228510023794,1976.2627902670315,653.1472840650822,2323.4674067012993,2023-06-18
9,630.4441892636823,520.0370982584864,774.4179178876948,446.2911891593947,996.5054770514282,404.56718433660865,1161.5447946029612,370.9134354441165,1336.141332834513,2023-06-25
10,704.8551966288651,563.3707873744424,910.2411174769077,462.211590408966,1190.042515774854,410.79730067213825,1347.0450427502851,367.6493670529471,1567.411275482477,2023-07-02
11,484.3803105688712,386.89525691085146,613.8175692708173,323.36225521521703,834.6982388216144,287.88055806102636,1004.9669600636028,266.3745406907416,1136.2281383260722,2023-07-09
12,473.4224610998135,371.90798253587127,622.0073992157122,315.67019185807004,821.7493010615348,286.14715304369895,1003.557540481841,264.60809785723177,1174.9720241571708,2023-07-16
13,314.2128857933567,252.34621264865564,398.0804203755979,216.58148061331303,508.6310955209105,198.91023490003425,596.9560523868573,181.65078523110742,679.0557326078281,2023-07-23
14,333.13970913088997,258.9572493324522,429.97863561407394,213.21226306967367,540.2380692518026,190.28754501170917,665.2958565146441,166.01114630215207,819.7530677260833,2023-07-30
15,295.7515582692722,233.4568072763759,383.242353791582,191.87193814711355,566.5968232332045,172.39179679928566,665.3628202104429,157.51711154460864,807.315709743662,2023-08-06
16,319.9700865902705,242.38412069117294,462.57289046725055,193.06184465294865,616.6060941519435,171.1079425853687,746.4341324423963,156.30817652577133,979.7855528443364,2023-08-13
17,290.3519655383061,224.15418585718362,400.96139781735565,178.65512956458844,526.9671644781076,161.35120157214698,641.4264182352608,146.17027379386965,912.7815679539148,2023-08-20
18,341.47347392312804,253.0808909023399,471.61434027215,200.79794546875638,653.0089113981552,179.6550841866825,846.4482649281092,166.30074602506411,1050.9220476406317,2023-08-27
19,312.9594640891373,224.73855732652373,443.9637893451858,172.41011446273862,626.903516389034,147.11282819143818,818.3919714438492,129.94361288438523,1159.9515716435772,2023-09-03
20,431.78665635783545,303.89127136364004,655.0204343726336,231.44962524503464,1065.842932891032,184.15395520170514,1494.51732258608,168.7821973038139,2206.038208608283,2023-09-10
21,422.54686209097054,331.69360175295515,573.7843834532032,266.2245156710058,803.7668761176203,230.5932876252795,918.7386423851977,210.5668691412202,1069.58617978522,2023-09-17
22,394.20916825135464,294.03868732924457,550.9467593800755,242.50227627075293,768.563427415093,212.44729820791198,1034.449713663992,199.07956118596613,1388.1633642180125,2023-09-24
23,279.706570967036,199.40744809564785,422.8410686947391,151.77233691028815,639.2528172148463,136.34421202590457,809.2954552672873,117.50474917486618,1427.4919495073934,2023-10-01
24,307.9629454730057,249.63166196415114,398.18428732857865,201.10965122912123,545.9462508141006,180.11443202031478,642.7731459694759,161.6354003537628,824.4132696724341,2023-10-08
25,388.39269895614234,288.3875599130856,554.1002823799481,236.2027869035075,830.0456846400691,199.12306028808743,1054.3330471985503,170.19552631866392,1210.6931543156809,2023-10-15
26,572.9623742235053,411.6710709476556,825.959170971506,309.7196861777251,1264.710952000414,262.0501373345207,1728.7509742778607,224.78073048274376,2404.437211685371,2023-10-22
27,355.2136547627824,260.5909296573809,511.29350989473824,196.66727416045615,689.1237258162678,171.20757831271186,940.199474415622,154.27499366028187,1134.6066202736292,2023-10-29
28,553.1357406866846,389.00955552539125,898.098735358888,296.4069326522193,1615.9912676947304,254.66924464139532,2130.968400960685,219.3874208114158,2773.0130416479415,2023-11-05
29,447.1069428466835,326.7615733701191,714.3187840257642,263.366055967206,1091.1100047544446,227.82063137628901,1496.4562638529667,196.24410119847866,1954.6203023800558,2023-11-12
30,429.56165897937717,293.9839257207668,666.6210289092505,226.74592733856454,1066.0667309889839,193.2986214818818,1693.9365007373235,165.53329024697032,2657.0639975091153,2023-11-19
31,528.9881736753368,348.7231428096202,821.5464637141897,250.6978751489496,1354.3797876774665,217.30870816149996,1812.9744820331166,198.0232365996121,2339.0364356591426,2023-11-26
32,206.70908665052787,135.4843458043515,317.7986232209905,100.11037917495946,522.337682452731,78.94099558834891,811.0900535508181,70.65582027119854,1210.6500027679683,2023-12-03
33,319.01685102542797,219.25202234275048,523.141590624648,172.8900190263261,904.8989331490327,147.3380799916119,1212.528452333187,125.99973555784645,1783.237071582683,2023-12-10
34,423.64359186936963,298.49677259599866,657.9980508926419,235.07758564276045,1081.148503937673,199.4136122525317,1488.8991240470866,171.69286614271678,2124.093447785365,2023-12-17
35,260.4315120519386,190.05131618034738,355.6798273396471,149.9333348136657,516.1732831415707,131.0538483159602,670.5931843482754,123.2681187994458,838.4788230969395,2023-12-24
