,pred,lower_50,upper_50,lower_80,upper_80,lower_90,upper_90,lower_95,upper_95,date
0,283.33266288733284,193.8318900888553,422.12547622564307,145.49439641530626,618.1257927546162,120.61220396702556,713.7010991544532,109.63802828892804,817.2271413816935,2023-04-23
1,289.4924778420245,200.8703291228594,443.52868921117624,153.68668356938142,685.5201550209663,132.3136150029546,892.78625748436,114.14526105797522,1142.7307290038152,2023-04-30
2,332.0045018622768,241.51867285487242,508.12473454113933,178.84995950325393,782.2907258736668,155.88695124747466,1018.6106356343425,131.18116505732687,1448.0435398654122,2023-05-07
3,355.46784690613276,256.3010547188169,543.5915582791204,198.3808741200017,819.6975560278864,170.17071258482758,1114.0315917655273,146.65708838568534,1484.380304144588,2023-05-14
4,280.0589206496661,200.11855920925154,416.8463575584683,141.3906165081542,651.0285549491647,121.87424078777404,874.9095890069613,112.02213533054237,1164.0778866116623,2023-05-21
5,243.55221157940105,167.0141298588278,342.25577337268624,126.78559958252008,519.9692625644792,111.89094839071622,627.3851402538064,100.61252057737511,856.4174422104481,2023-05-28
6,241.70124707397918,172.637583332762,350.5112719806639,131.01588611608895,542.1685783546156,111.88372421875101,727.8779849920032,103.21620061846916,1037.7740676013918,2023-06-04
7,196.16859959933208,145.30185190550765,295.22856196013163,120.06440576302703,428.0120941639355,102.63755692865234,527.4139595098619,92.24469713764266,647.1067025965268,2023-06-11
8,184.43613364345947,132.72150217859598,278.7612857151689,104.0697347584297,383.2447594048894,92.36001665464428,476.276945887168,78.53390034789118,743.9161783650475,2023-06-18
9,179.06430029805597,126.98496186643024,271.33275871080696,94.04933254586359,438.86366662287634,75.77933036403847,596.642571516497,68.94152125375331,780.8387163332968,2023-06-25
10,168.57887208028114,121.06298554388923,240.18742526302958,100.18694942005678,348.3713347453915,86.36023797275921,422.3798577057851,76.49531852826476,568.2531578226412,2023-07-02
11,165.57910474996606,114.94780691120832,245.0638841594846,86.95885095732083,392.2553646279733,74.97770382334201,587.7449364291554,63.646038143642365,667.8389905131902,2023-07-09
12,150.03132381931937,102.3451969517264,249.9557679464142,77.82535746095965,400.2547528860742,67.12390240183376,631.2202312938182,56.74464132001849,856.5937459121119,2023-07-16
13,137.51917735340976,95.89671350762364,200.36373234104394,71.19815026510477,320.88513880916287,60.80350962592638,423.1201165187835,55.76801285591246,536.9052184054733,2023-07-23
14,182.26043105253848,120.9767390780471,280.6627080178296,90.74783318476403,453.8679643103329,75.97189249420408,578.891515458656,65.6867812637851,776.2442936926758,2023-07-30
15,196.73765720167285,130.5794083559631,309.0287017349401,94.66418598898018,542.6082951397387,78.66763216698018,732.0174922909428,71.59359197845261,1155.6904781875423,2023-08-06
16,167.63499590564334,108.23211954724002,289.42750531195634,82.03675743431086,498.5941102399582,64.94920918163261,763.1459677641978,56.27335266114751,1069.6767383054707,2023-08-13
17,172.90016998146893,110.2738057811921,276.0854144336204,81.36563084113259,475.5127400079136,66.27113558013552,700.1550933404861,53.40476250858992,910.6364164743267,2023-08-20
18,153.77754501124218,101.43011456822569,234.83986788651464,74.63073809355555,424.0378194752506,57.96911595727179,603.0667154413,51.15792133389448,927.2642063034566,2023-08-27
19,118.33394032088654,81.5730139628431,199.81669845063334,56.95503121663642,347.1482516928846,43.24690472030598,465.5122544956139,38.5215170465839,632.9981976407822,2023-09-03
20,107.22544567741352,73.42617637926196,161.31122935677558,52.4336896507084,266.6676177885209,43.71285868101077,390.7369223949934,36.99556388756919,497.37550192814155,2023-09-10
21,84.80475718815615,58.46885740148832,131.24596546999783,40.385851336069756,209.77597039633258,34.544646708903024,330.3238442271608,31.56564410896201,477.80195599428407,2023-09-17
22,79.24254427697451,52.06064398981789,125.18294970953832,37.09611697278088,207.19969808492752,31.079467409139397,287.52870336404675,26.389116693246617,356.94478480860687,2023-09-24
23,68.71900302161157,46.23753097590179,110.78839793149382,33.14205703539483,185.7909803068768,25.72798922716156,243.13748998008506,21.376071905172648,329.1253711538297,2023-10-01
24,65.68173349825884,45.954667448088685,107.9701319987953,31.7146199246592,172.29451637125567,26.123543983820856,235.5992532465773,23.657953689471196,321.2770983185524,2023-10-08
25,68.09763769482493,45.16513234102422,112.96915448855543,33.01304782348325,194.86379147669288,26.312074815722735,279.9586216962811,23.815171952670426,468.16538533357163,2023-10-15
26,58.55895561277248,40.3153982403704,89.01524338894706,26.788132095340007,151.69414551308418,23.902584355309592,218.96915596941253,19.839655759372455,269.1220412617749,2023-10-22
27,55.63565547342205,37.485337749665064,90.1055601705657,27.090555854981357,148.38932455835823,23.212861723684274,235.06140457938162,21.258260447575548,311.05352734714586,2023-10-29
28,76.15588089706944,49.07827984762844,123.24977604094613,35.36676500894718,209.03581623730844,28.268868475737328,311.30655978667573,22.546130588177277,363.39574669364004,2023-11-05
29,93.46793701294519,62.96512513294874,137.98154022427025,44.350353051591085,221.79908353326758,37.965222871862714,370.75511775813504,32.04400216009117,523.3544252632471,2023-11-12
30,59.16778703741147,41.3465408671027,91.00109374271051,30.373468868136843,136.51949413847473,24.515553491473838,188.33218650298065,22.58203632784398,235.10343849530815,2023-11-19
31,66.88361060199213,40.405268159343905,108.79026714353677,28.919521527006374,175.74539257219158,26.269480807871467,278.6474165370366,22.275842659612977,399.6715354729839,2023-11-26
32,102.80515247575022,69.3693579509436,161.17684574504256,47.36396715196024,256.0542867549157,40.27633439541969,327.6453411114517,33.85900869343496,560.0543291423979,2023-12-03
33,118.94910583621822,80.3554722664594,173.62692002093354,57.21034156735368,250.7373804861622,48.33721599721248,332.06312481527266,41.74844030353415,366.2613685845379,2023-12-10
34,80.1662138560423,58.8929545140179,128.173586234906,42.98789244863074,217.97479375934935,35.252916574504255,298.2689822269297,31.50036927662259,387.7072200099824,2023-12-17
35,52.93489648183686,33.68919287521385,95.57577936559451,23.788995541738768,160.88233465245796,19.952846760945285,236.3592235824431,16.200053061936067,335.57602719424426,2023-12-24
