,pred,lower_50,upper_50,lower_80,upper_80,lower_90,upper_90,lower_95,upper_95,date
0,189.88683278142707,151.29493976876256,254.916858386714,119.40096328307409,342.58533071763816,112.39380293780123,401.8610627641914,105.90541221877501,531.4914877651953,2023-04-23
1,178.59815781883663,146.15542209293926,234.8492648957763,117.92723696952453,309.82794990149563,106.38893019488314,385.85957833771823,97.48678591917269,465.2524256417731,2023-04-30
2,244.10667920694686,200.427534563074,310.4465253202943,167.4579705047887,405.07068266514693,148.3980150678195,473.6799821916383,135.0543798937113,516.1089093835411,2023-05-07
3,248.9093711261521,201.59819495020201,323.4287955952168,169.8134467035765,431.53352839131844,152.3911477510177,525.238273832493,132.39206747818972,631.1750784869188,2023-05-14
4,190.5484070557286,157.67968329711584,253.49761016789125,126.70886994613102,329.1591065542074,117.08759916260024,430.6855499983296,107.69407792787533,541.7109203801373,2023-05-21
5,177.7235095706128,139.52066685969476,232.89792969072005,114.66126131407218,302.8961008961778,103.69926088167122,362.38715222775903,90.84223747836077,392.78084155055984,2023-05-28
6,182.96751951950137,146.23445725650527,231.07420898822602,120.44853407051414,286.12852620487104,103.84845767201622,349.9808286023791,93.14105708319111,397.0705596298212,2023-06-04
7,182.49034366515116,144.66001777217025,233.0522838488978,122.06890607133974,293.57072338485744,105.09206509219948,365.25094502926805,96.99683346618258,444.42348810805044,2023-06-11
8,157.62162264393555,117.85253350902349,215.30796851380728,95.75158897251822,303.72807592811307,86.48032340360514,391.8983469692755,75.10561368607596,481.14596186516843,2023-06-18
9,168.90710825211136,128.9031234412687,219.42157403865713,105.08537091176841,284.4381068344927,92.67643715530866,371.6258765155911,84.35388385715196,493.91894917356836,2023-06-25
10,190.47809300734662,143.23470162837475,243.32804275717353,117.28048932561651,319.112852078164,104.75120259055402,369.43654020187665,97.8796178020275,424.0445991485961,2023-07-02
11,154.15893938473891,113.09957310397294,203.44892121672456,89.15614858685876,271.9293455516687,79.20555084213848,324.69666682860696,70.76977704751334,381.1306589311745,2023-07-09
12,127.06489421328297,98.89381383980799,175.0451177797804,83.36934830056417,241.7672282641812,72.6025995833741,324.59656918012473,66.02645538317738,375.9446784543848,2023-07-16
13,153.6760426760593,117.37655012359028,223.7941309751186,96.23016287141363,291.2213572372742,83.19434666018643,385.86992798644906,74.22979405005754,474.67918467294936,2023-07-23
14,180.26832394860685,140.38336822626297,227.36463706864743,104.31718677373138,297.4674600530183,94.799565583613,337.135716313269,80.34944246663764,416.0435836135174,2023-07-30
15,164.6190235990507,128.3729611095041,232.1500316408201,107.07079295211005,335.82099858929286,97.42810831421812,407.5873487038232,87.85194422267595,445.26158462729944,2023-08-06
16,165.6273423605162,127.49080485671584,228.9122873523338,93.94768693985098,316.6196126505967,85.16111934424552,419.1212079421148,73.1861389460224,520.0167481146752,2023-08-13
17,161.7394482411837,122.19121171925508,254.83301205081807,96.32472881700379,345.65959045846836,80.51777074235724,414.65404306158723,74.13907980565492,557.3100352681755,2023-08-20
18,158.90640638803598,120.06245030713035,225.9512716895115,95.31461431946373,320.7044499438548,87.90305782557117,408.1917774195323,81.7940961671411,520.3490847424266,2023-08-27
19,136.2961600119561,99.78984923109965,193.63879692507908,78.28211472507392,275.5132067394298,71.29288933114294,353.4712176422496,64.59341626617933,418.4217152452793,2023-09-03
20,134.84019713964517,97.89993440050603,202.84919548754988,76.78101438918966,296.78782036082123,68.69919570344791,415.21901419670723,57.70138347126049,526.0046341838635,2023-09-10
21,116.73396944299748,83.36085733529762,176.28906567228114,64.59289150246114,287.47409176081055,54.69526520339514,420.11692741379574,51.21380340884207,605.1217529952094,2023-09-17
22,95.36704543213636,67.62520237732679,136.97735123478196,53.32550825291837,203.86260446881067,47.05647591192974,285.4935591769272,43.172226764367956,376.6966637386853,2023-09-24
23,181.49555428336316,108.66685719790439,301.378444405319,80.83581335114577,543.0223138608345,65.1108893215016,765.9944133189125,53.238665319165015,1163.5739493866508,2023-10-01
24,234.50859962840832,146.5365520970945,427.8667694841279,95.70118819504714,816.6803008476131,81.01757816358898,1223.8271581668184,63.97827899480608,1974.30297842892,2023-10-08
25,140.45552116325257,94.69909071425354,231.26774859948637,71.89941302879015,362.0553449683103,63.90821300605021,492.4521937723812,53.79295452171054,779.4533205641873,2023-10-15
26,145.27092123794137,101.70402790454318,232.55776317414893,73.62255029816588,371.4921411528427,65.2869243070505,508.0177615311394,59.833304152092204,616.0425014064119,2023-10-22
27,94.3045140012473,68.63730560662225,143.40395543337945,50.84399461183784,235.89213599440703,40.6821351120896,291.31406268535784,34.05761376815936,436.9289136162041,2023-10-29
28,117.31199715058028,86.42326391961979,177.1187711215316,66.42317139687366,276.4105081573144,53.96495868055572,381.8903920951603,47.41431945397799,567.5107357358658,2023-11-05
29,104.71619948472653,76.86859223718784,146.17642660748243,61.58673557719449,193.15947982612417,54.9597457568656,261.89006951881964,47.13121062274586,287.2466857535976,2023-11-12
30,74.97514227555075,53.94609324545672,111.01917168460204,43.28166674624445,160.42129796114898,37.307630585019794,222.1023596366545,33.638028172377744,278.0341003838606,2023-11-19
31,76.7879726092724,56.24879114511714,116.38218672814764,42.859761962998164,175.4572116697964,36.13184249143342,219.18058001563364,32.57592964709784,260.7020894352739,2023-11-26
32,95.08073696517386,68.57447793349638,146.17769154812777,49.698494802514325,204.3835063750493,40.666713151249496,281.45986731951336,36.12198477879556,348.9530769733373,2023-12-03
33,105.52769530621299,78.95041375451547,147.77988622845805,61.518673269217835,213.8399583420542,52.465089564005034,262.6005758494997,47.64033392086385,348.031067917585,2023-12-10
34,81.17542010715988,60.77596980162707,116.02301456378336,45.517505941935816,158.60911956006314,39.1336150010422,195.59951969775264,34.58367188152624,245.22445795418298,2023-12-17
35,61.32273823293144,42.804359025838494,93.98190978789353,33.44892538589047,141.73242099070342,28.647049109863293,202.03809232266937,26.842427977880288,266.6248538717707,2023-12-24
