,pred,lower_50,upper_50,lower_80,upper_80,lower_90,upper_90,lower_95,upper_95,date
0,2993.039216490928,2223.0833429232007,4067.6674302968313,1773.2700866037167,5947.800970349578,1597.0336250496416,7400.579405136914,1365.6722131191084,9411.669232578877,2023-04-23
1,3052.602449305501,2258.1630751606863,4136.137944455375,1880.313386187295,5709.262112866936,1633.9320132350608,7520.029439913256,1436.8224978269106,9124.210773344077,2023-04-30
2,3116.705061255285,2347.0195433812332,4509.311616758059,1814.562934943568,6400.288267363528,1564.4912164775626,7993.095500500806,1411.025651738158,9291.618985947429,2023-05-07
3,2782.6521866775583,2063.685758611362,3866.0488264199375,1653.675680468738,5539.31050648715,1465.11366573633,7638.011959480814,1269.301840569779,9273.675079173028,2023-05-14
4,2508.3471310798777,1891.749815371848,3575.447585059708,1535.041294452564,5235.360208826467,1268.6348735966924,6951.136511473627,1167.782115597219,10058.116968711141,2023-05-21
5,2009.361748573865,1489.9182790125487,2867.4943177253153,1225.68746454746,3955.905686553938,1081.7690420650354,5304.855543248342,966.4256363516513,6630.269705347971,2023-05-28
6,1575.5140160571464,1198.3736427836266,2303.036202469684,947.1045431021688,3183.4110497583115,841.6211281502591,3846.8087447983366,754.7803896143989,4590.235811369156,2023-06-04
7,1452.3994100331183,1070.1269516390457,2057.4071692665966,807.8890262556728,2935.231038992241,686.0394772252054,3572.377555248582,635.626131685893,4710.375159583872,2023-06-11
8,1166.899257569603,859.3577002923739,1710.585847458602,654.7946252292386,2681.989898435357,577.9597156862699,3538.989586074393,500.1200161941606,5034.189233794219,2023-06-18
9,975.1427074901221,691.2159877692393,1448.5237189383115,540.9566530917218,2132.6147159021325,474.8147914496061,2752.070828997608,437.84570915422086,3811.3741811319037,2023-06-25
10,878.217958197306,592.9289392916307,1355.5141144792685,436.0435482654535,2476.1678451812923,371.9252919788323,3485.081896103204,323.3515695185959,6287.942491317385,2023-07-02
11,624.6376174096549,445.2682140044835,945.6745716359892,318.42629503712305,1469.0172550646973,273.10676484221585,2081.2670495698662,237.54230990244568,4000.9355594228978,2023-07-09
12,584.4343165521423,431.2699701635993,871.477259267398,336.7437829950921,1445.449120092381,288.4674610092804,2168.418414639907,243.26844402870248,3041.1595743280545,2023-07-16
13,492.5255041360897,337.99445794451685,758.6005575543165,243.2323006783143,1346.917351859504,213.29198834934724,1868.5927430765364,193.59600722659363,2524.2914287773274,2023-07-23
14,507.32052510747144,351.5842874744567,796.3739344244772,263.69326930153204,1280.588147834771,220.7376218047876,1803.0711246886087,192.06272259445691,2540.1178231661565,2023-07-30
15,424.5754510493389,293.6062453398645,654.2627788788552,214.68215641670912,1066.217240703211,172.93481321765444,1577.2040680721807,160.91241168345627,2181.594658001662,2023-08-06
16,381.18525261697994,256.1436128279488,601.9576883865307,192.91226204420985,1007.28128156623,172.95015609844896,1460.7957462682498,157.34847409245336,1913.7309727253353,2023-08-13
17,482.0726385060334,309.71455811594774,769.0487173231018,228.3889140686655,1317.338703116755,190.96616326208115,1933.0316663597132,162.53713381619156,2593.3153661209694,2023-08-20
18,414.89093503886033,284.83768096789254,654.4290886408606,216.87336664292798,1166.4851782498447,167.9751417421409,1707.4807258235626,153.30859022314922,2275.7055290852445,2023-08-27
19,425.15785166051865,273.606826075169,670.3031096899521,193.17657021049155,1197.2377677678928,158.0158948487102,1647.7438426739943,147.27221988510178,2373.7016413010447,2023-09-03
20,369.35732817502867,243.81460375786173,620.4821033484129,168.1780098776647,1018.1765291244856,146.24596955718994,1544.9609648896662,125.60333751706227,2742.8332255085147,2023-09-10
21,427.96421952070625,276.4083394487526,692.8364229697208,204.34034746486543,1149.2793580982352,165.12634677493253,1728.9739282370645,145.29665519649947,2732.2549976155397,2023-09-17
22,471.2501739291274,305.84386415211156,777.0270225374663,221.61649414077328,1273.4488260259654,186.48664003207165,1848.4368702997904,161.761223354304,2861.9704077276756,2023-09-24
23,382.67021451929213,255.45016301902615,610.5764520713941,163.3594776147135,1068.2918389498632,144.07655307920353,1583.9345608462954,125.58757051034134,2373.7690833417705,2023-10-01
24,428.89492460806287,300.6549604283596,671.7127454716051,208.79676284183225,1042.5364479194982,190.1521313162709,1382.1832687978565,162.8889479227783,2135.561830238286,2023-10-08
25,539.2169690805604,359.0608406476913,867.647766688402,266.63970717426565,1469.43110915095,230.72176855514212,1854.165633713101,207.47531493039915,2562.3727798271916,2023-10-15
26,485.2033199662617,336.8274102289954,755.4838849196123,232.86169938218313,1226.5557029086146,195.32658709222542,1851.6470867916325,158.90755958837062,2435.139933775772,2023-10-22
27,438.08757759164905,287.62590739114285,720.7231775638793,211.7393687252422,1195.7180757186723,191.89636025799865,1802.686713716177,162.36410667695833,2617.6582908025935,2023-10-29
28,524.2542132345607,322.1748878047424,813.9650544474966,237.90259552345697,1592.2023984426917,200.07861928215988,2281.3850635578337,173.6548594535543,3377.4671671119704,2023-11-05
29,580.9044068668754,389.76928051711786,956.651908144966,274.7828088199085,1711.0559168460497,207.38515568092672,2574.3371475094627,185.62419417739778,4205.910279190092,2023-11-12
30,526.4279023361887,347.1224137029549,911.3562781685578,263.93916213897415,1584.0381287575383,210.16827153806136,2144.6407754992324,181.97296898122872,3653.4818801772903,2023-11-19
31,499.3319692973464,338.5767696544359,898.4494012572404,239.63269567285352,1786.5869487785708,203.46116613512638,2723.3962563988234,165.8503282864511,4018.1116138695556,2023-11-26
32,653.1751333446691,452.0959671242972,1123.407512812681,328.0350491602607,2023.8752175933078,279.22096619696276,2950.9518727289274,242.6969010493088,4156.316229930115,2023-12-03
33,981.7616600622077,631.2091122365437,1671.0089500809856,453.1320906198674,2770.901977650845,384.88349705409854,3506.3970712031623,342.3942377209226,4912.6968287556265,2023-12-10
34,1002.4991259521244,627.7644295524211,1785.9524445784587,429.67302968869535,3635.280580458819,364.66198904792765,5204.147211259489,317.7135163092945,7333.58998126621,2023-12-17
35,1099.3019625951042,666.4671749794488,1992.700637268844,474.8083940327062,3865.383615661612,384.2466246818689,6360.664309010552,306.3536647579715,10682.19790936298,2023-12-24
