,pred,lower_50,upper_50,lower_80,upper_80,lower_90,upper_90,lower_95,upper_95,date
0,208.8666199319414,179.5058790279727,240.3613052967703,157.30617299428124,284.22718354411194,143.09967633544002,311.154877434831,138.72344286343142,348.3554559238175,2023-04-23
1,221.7777500963275,186.94108980089368,266.83501610776875,164.07844420553883,318.36814214137274,150.79760163143803,361.0671306021392,137.5842071363266,428.54788798182994,2023-04-30
2,255.99078572605504,221.789015081682,303.12856400987584,191.1205602014379,367.55387445916426,181.42427483285428,406.34767147235095,168.1848467783202,477.8781910216362,2023-05-07
3,265.898033368052,221.54343433924805,322.9008447527449,195.06299077681032,396.5099305794924,183.2293852400504,448.1934788225939,170.47536159406008,496.67147493876394,2023-05-14
4,204.28180779347895,170.08152779878583,252.8217934517961,143.6896155151422,306.76615788526254,134.17982770290328,375.550000846042,121.44699093364216,428.52161214413644,2023-05-21
5,189.19968418347707,153.12363602910773,232.01871657288575,121.17047957947652,295.3219904994942,111.83781364077512,353.47041307678586,105.74315996469996,443.3045070369993,2023-05-28
6,208.64126815003692,169.57754506666242,263.4707341657195,138.80808451408157,365.02797267385466,127.8608022338216,415.11448454815536,116.96044793226483,509.79113160128014,2023-06-04
7,179.3879951760755,138.69360654993216,240.22709047358512,113.2493628474709,304.9555129162182,101.64394287878095,367.36851203777076,94.12722954021665,448.94226324582064,2023-06-11
8,138.5674691004533,110.39635515341797,185.34063748288463,88.64041860061407,247.47280300910793,79.42360361647152,333.03571505651917,74.2755315301667,440.7977283807501,2023-06-18
9,131.9201837091241,103.97503807158864,165.7444781065933,89.41764084942989,210.75973838248763,82.49208693266264,236.339269398042,77.99083986896258,290.393610702711,2023-06-25
10,144.02615304155916,114.97381641343236,177.82003192320917,93.46547857293044,249.74000856951466,84.99326189508429,281.3035746598804,79.16557932440446,379.398909313821,2023-07-02
11,137.35185444195668,102.17386826648635,193.82752570374214,82.3725491458601,279.5747482396634,72.32859428529045,391.7731728320972,64.69363048763334,605.0720279623453,2023-07-09
12,116.65774545707973,90.7346191767283,158.66411689133747,71.51184096235302,224.37462597054545,64.92639233092233,328.46271334011186,57.302377295913175,387.97148097651564,2023-07-16
13,112.72578528283339,83.21785334047945,154.3947109285291,66.50782654252835,235.8541821858497,57.578391238888436,327.2328841194682,52.479069314155275,398.4009349935287,2023-07-23
14,133.30793443063158,101.79156511303518,177.53021035451275,81.23984134013517,278.42137601726137,72.69409541153145,364.0341965923361,66.28938879410052,432.95519100724994,2023-07-30
15,140.08791840364574,108.6251601968288,196.7730966336021,86.47281393004815,283.88203024887486,77.55807496761845,351.6802227280299,71.65774460627,459.1099386320871,2023-08-06
16,134.00291822875624,96.63840155039361,194.29477211880658,74.47451147006196,278.2751371282103,61.507740631776436,385.41828250103333,54.337964622869364,529.3936994192056,2023-08-13
17,161.17561199128068,111.22626561725247,242.28290058730408,83.62675468063063,407.59337221200326,69.22054067875325,557.8630451218966,57.47305538846522,804.6661886173339,2023-08-20
18,137.33556154217513,98.75246434050223,208.50156466305543,79.66289134221516,344.5817458610975,66.98519927310154,463.92048002430636,58.73341088777061,610.2897409854955,2023-08-27
19,103.23308781610581,73.19104817206698,154.03526324068298,57.93802672983638,234.8287647136028,47.96048607563375,360.43480488637334,44.63631827464697,566.3276031056594,2023-09-03
20,91.10199377614481,69.60648049811216,130.98743362281857,53.402002662204545,210.25995205081063,47.10163881641129,315.24537646969503,39.60552272941677,385.41424469523656,2023-09-10
21,72.16763390312553,54.322125227513425,100.03932326478935,41.70743159440608,149.0563637754356,36.58684560884558,204.8587246991433,33.581630601866436,233.54755342244042,2023-09-17
22,62.02871337778197,44.530414665740864,87.38109880669026,34.75368492980561,129.97095079461,30.061245322761398,165.038439282262,27.247387401422703,204.8604091898252,2023-09-24
23,53.021668588058674,38.96201020504304,77.46243729065463,30.6226199862708,123.86248691815493,24.358421001773515,157.48723712914574,21.460940372534004,222.37532943865602,2023-10-01
24,57.31801843855237,40.66368915122666,84.84992272496493,30.223949477720815,134.9157971092962,26.780963014279497,172.82930337521216,22.874182400089285,236.1893888042584,2023-10-08
25,51.00753897970935,36.90543680205701,74.99695407605918,29.212262265301526,109.79405613268001,25.006963178006913,158.03174089252096,21.254810305444064,235.99852261724516,2023-10-15
26,48.209727382633446,37.21875578998083,70.27034319707218,27.551990387424304,105.5687140482165,23.35028700012041,139.69129073999216,21.621464618538223,188.4463550311398,2023-10-22
27,46.031425532561116,34.40159346513701,69.11435237633941,25.935173554606443,109.71323088982004,21.89635803348101,155.56409962795527,20.248798121544723,217.6939169098227,2023-10-29
28,57.717813289295236,42.43302317874259,83.86359741936849,33.70067583721466,123.18623023275723,30.363453768886757,153.20385006599875,27.82074289200341,204.96918603430092,2023-11-05
29,64.21381805048077,45.82024542733052,86.63859846615287,36.274852253199015,114.02537939844045,32.861859451286,155.22385756296916,28.660773154705566,211.87643256678433,2023-11-12
30,46.60853729430346,34.76700048748353,67.78366441271874,26.942552657253692,96.07589803111387,24.007918469268496,143.2485589811286,21.682178546886234,177.38452054862208,2023-11-19
31,50.119630680290356,35.165564770759374,73.73159035066328,28.349221534770187,116.53087427446553,24.400759681006456,161.24595330674646,21.491636732206825,193.6398372714615,2023-11-26
32,84.51253617881048,55.80205915554507,134.6850631461648,43.14397463184942,219.22115478298952,38.750537362852626,265.11806384943947,34.184328270629706,486.2795124479531,2023-12-03
33,89.99613820690615,65.45724379841704,137.50850223826274,51.08493750788548,193.08567725865797,45.507888967684266,260.2913846167397,39.866073398091245,385.349307293316,2023-12-10
34,68.66683666867903,50.31643010518383,104.84957499638949,38.96820977495554,159.93878206030496,33.82932634725148,214.22601734010638,29.445919092990266,302.3483560623304,2023-12-17
35,49.25791084238472,35.84674473340874,76.24587575576516,27.300070835276347,123.94855150908589,23.146415318448,172.55560841025874,20.562299486765777,237.03693501818634,2023-12-24
